532 660
2 64 64 
1 64 

2 1 0 64 596 XOR
2 1 10 74 177 XOR
1 1 73 171 INV
1 1 9 170 INV
2 1 171 170 128 AND
1 1 128 174 INV
2 1 8 72 129 AND
1 1 129 169 INV
2 1 8 72 592 XOR
1 1 7 132 INV
1 1 71 131 INV
2 1 132 131 130 AND
1 1 130 166 INV
2 1 132 131 588 XOR
2 1 6 70 133 AND
1 1 133 163 INV
2 1 6 70 587 XOR
1 1 5 136 INV
1 1 69 135 INV
2 1 136 135 134 AND
1 1 134 160 INV
2 1 136 135 551 XOR
2 1 4 68 137 AND
1 1 137 157 INV
2 1 4 68 475 XOR
1 1 3 140 INV
1 1 67 139 INV
2 1 140 139 138 AND
1 1 138 154 INV
2 1 140 139 396 XOR
2 1 2 66 141 AND
1 1 141 151 INV
2 1 2 66 320 XOR
1 1 1 143 INV
1 1 65 142 INV
2 1 143 142 144 AND
1 1 144 148 INV
2 1 1 65 242 XOR
2 1 0 64 243 AND
1 1 243 145 INV
2 1 242 145 146 AND
1 1 146 147 INV
2 1 148 147 319 AND
2 1 320 319 149 AND
1 1 149 150 INV
2 1 151 150 397 AND
2 1 396 397 152 AND
1 1 152 153 INV
2 1 154 153 474 AND
2 1 475 474 155 AND
1 1 155 156 INV
2 1 157 156 552 AND
2 1 551 552 158 AND
1 1 158 159 INV
2 1 160 159 586 AND
2 1 587 586 161 AND
1 1 161 162 INV
2 1 163 162 589 AND
2 1 588 589 164 AND
1 1 164 165 INV
2 1 166 165 591 AND
2 1 592 591 167 AND
1 1 167 168 INV
2 1 169 168 593 AND
2 1 171 170 594 XOR
2 1 593 594 172 AND
1 1 172 173 INV
2 1 174 173 176 AND
2 1 177 176 606 XOR
1 1 11 183 INV
1 1 75 182 INV
2 1 183 182 186 XOR
1 1 186 181 INV
2 1 10 74 175 AND
1 1 175 180 INV
2 1 177 176 178 AND
1 1 178 179 INV
2 1 180 179 185 AND
2 1 181 185 607 XOR
2 1 12 76 192 XOR
2 1 183 182 184 AND
1 1 184 189 INV
2 1 186 185 187 AND
1 1 187 188 INV
2 1 189 188 191 AND
2 1 192 191 608 XOR
1 1 13 198 INV
1 1 77 197 INV
2 1 198 197 201 XOR
1 1 201 196 INV
2 1 12 76 190 AND
1 1 190 195 INV
2 1 192 191 193 AND
1 1 193 194 INV
2 1 195 194 200 AND
2 1 196 200 609 XOR
2 1 14 78 207 XOR
2 1 198 197 199 AND
1 1 199 204 INV
2 1 201 200 202 AND
1 1 202 203 INV
2 1 204 203 206 AND
2 1 207 206 610 XOR
1 1 15 213 INV
1 1 79 212 INV
2 1 213 212 216 XOR
1 1 216 211 INV
2 1 14 78 205 AND
1 1 205 210 INV
2 1 207 206 208 AND
1 1 208 209 INV
2 1 210 209 215 AND
2 1 211 215 611 XOR
2 1 16 80 222 XOR
2 1 213 212 214 AND
1 1 214 219 INV
2 1 216 215 217 AND
1 1 217 218 INV
2 1 219 218 221 AND
2 1 222 221 612 XOR
1 1 17 228 INV
1 1 81 227 INV
2 1 228 227 231 XOR
1 1 231 226 INV
2 1 16 80 220 AND
1 1 220 225 INV
2 1 222 221 223 AND
1 1 223 224 INV
2 1 225 224 230 AND
2 1 226 230 613 XOR
2 1 18 82 237 XOR
2 1 228 227 229 AND
1 1 229 234 INV
2 1 231 230 232 AND
1 1 232 233 INV
2 1 234 233 236 AND
2 1 237 236 614 XOR
1 1 19 245 INV
1 1 83 244 INV
2 1 245 244 248 XOR
1 1 248 241 INV
2 1 18 82 235 AND
1 1 235 240 INV
2 1 237 236 238 AND
1 1 238 239 INV
2 1 240 239 247 AND
2 1 241 247 615 XOR
2 1 243 242 597 XOR
2 1 20 84 254 XOR
2 1 245 244 246 AND
1 1 246 251 INV
2 1 248 247 249 AND
1 1 249 250 INV
2 1 251 250 253 AND
2 1 254 253 616 XOR
1 1 21 260 INV
1 1 85 259 INV
2 1 260 259 263 XOR
1 1 263 258 INV
2 1 20 84 252 AND
1 1 252 257 INV
2 1 254 253 255 AND
1 1 255 256 INV
2 1 257 256 262 AND
2 1 258 262 617 XOR
2 1 22 86 269 XOR
2 1 260 259 261 AND
1 1 261 266 INV
2 1 263 262 264 AND
1 1 264 265 INV
2 1 266 265 268 AND
2 1 269 268 618 XOR
1 1 23 275 INV
1 1 87 274 INV
2 1 275 274 278 XOR
1 1 278 273 INV
2 1 22 86 267 AND
1 1 267 272 INV
2 1 269 268 270 AND
1 1 270 271 INV
2 1 272 271 277 AND
2 1 273 277 619 XOR
2 1 24 88 284 XOR
2 1 275 274 276 AND
1 1 276 281 INV
2 1 278 277 279 AND
1 1 279 280 INV
2 1 281 280 283 AND
2 1 284 283 620 XOR
1 1 25 290 INV
1 1 89 289 INV
2 1 290 289 293 XOR
1 1 293 288 INV
2 1 24 88 282 AND
1 1 282 287 INV
2 1 284 283 285 AND
1 1 285 286 INV
2 1 287 286 292 AND
2 1 288 292 621 XOR
2 1 26 90 299 XOR
2 1 290 289 291 AND
1 1 291 296 INV
2 1 293 292 294 AND
1 1 294 295 INV
2 1 296 295 298 AND
2 1 299 298 622 XOR
1 1 27 305 INV
1 1 91 304 INV
2 1 305 304 308 XOR
1 1 308 303 INV
2 1 26 90 297 AND
1 1 297 302 INV
2 1 299 298 300 AND
1 1 300 301 INV
2 1 302 301 307 AND
2 1 303 307 623 XOR
2 1 28 92 314 XOR
2 1 305 304 306 AND
1 1 306 311 INV
2 1 308 307 309 AND
1 1 309 310 INV
2 1 311 310 313 AND
2 1 314 313 624 XOR
1 1 29 322 INV
1 1 93 321 INV
2 1 322 321 325 XOR
1 1 325 318 INV
2 1 28 92 312 AND
1 1 312 317 INV
2 1 314 313 315 AND
1 1 315 316 INV
2 1 317 316 324 AND
2 1 318 324 625 XOR
2 1 320 319 598 XOR
2 1 30 94 331 XOR
2 1 322 321 323 AND
1 1 323 328 INV
2 1 325 324 326 AND
1 1 326 327 INV
2 1 328 327 330 AND
2 1 331 330 626 XOR
1 1 31 337 INV
1 1 95 336 INV
2 1 337 336 340 XOR
1 1 340 335 INV
2 1 30 94 329 AND
1 1 329 334 INV
2 1 331 330 332 AND
1 1 332 333 INV
2 1 334 333 339 AND
2 1 335 339 627 XOR
2 1 32 96 346 XOR
2 1 337 336 338 AND
1 1 338 343 INV
2 1 340 339 341 AND
1 1 341 342 INV
2 1 343 342 345 AND
2 1 346 345 628 XOR
1 1 33 352 INV
1 1 97 351 INV
2 1 352 351 355 XOR
1 1 355 350 INV
2 1 32 96 344 AND
1 1 344 349 INV
2 1 346 345 347 AND
1 1 347 348 INV
2 1 349 348 354 AND
2 1 350 354 629 XOR
2 1 34 98 361 XOR
2 1 352 351 353 AND
1 1 353 358 INV
2 1 355 354 356 AND
1 1 356 357 INV
2 1 358 357 360 AND
2 1 361 360 630 XOR
1 1 35 367 INV
1 1 99 366 INV
2 1 367 366 370 XOR
1 1 370 365 INV
2 1 34 98 359 AND
1 1 359 364 INV
2 1 361 360 362 AND
1 1 362 363 INV
2 1 364 363 369 AND
2 1 365 369 631 XOR
2 1 36 100 376 XOR
2 1 367 366 368 AND
1 1 368 373 INV
2 1 370 369 371 AND
1 1 371 372 INV
2 1 373 372 375 AND
2 1 376 375 632 XOR
1 1 37 382 INV
1 1 101 381 INV
2 1 382 381 385 XOR
1 1 385 380 INV
2 1 36 100 374 AND
1 1 374 379 INV
2 1 376 375 377 AND
1 1 377 378 INV
2 1 379 378 384 AND
2 1 380 384 633 XOR
2 1 38 102 391 XOR
2 1 382 381 383 AND
1 1 383 388 INV
2 1 385 384 386 AND
1 1 386 387 INV
2 1 388 387 390 AND
2 1 391 390 634 XOR
1 1 39 400 INV
1 1 103 399 INV
2 1 400 399 403 XOR
1 1 403 395 INV
2 1 38 102 389 AND
1 1 389 394 INV
2 1 391 390 392 AND
1 1 392 393 INV
2 1 394 393 402 AND
2 1 395 402 635 XOR
1 1 396 398 INV
2 1 398 397 599 XOR
2 1 40 104 409 XOR
2 1 400 399 401 AND
1 1 401 406 INV
2 1 403 402 404 AND
1 1 404 405 INV
2 1 406 405 408 AND
2 1 409 408 636 XOR
1 1 41 415 INV
1 1 105 414 INV
2 1 415 414 418 XOR
1 1 418 413 INV
2 1 40 104 407 AND
1 1 407 412 INV
2 1 409 408 410 AND
1 1 410 411 INV
2 1 412 411 417 AND
2 1 413 417 637 XOR
2 1 42 106 424 XOR
2 1 415 414 416 AND
1 1 416 421 INV
2 1 418 417 419 AND
1 1 419 420 INV
2 1 421 420 423 AND
2 1 424 423 638 XOR
1 1 43 430 INV
1 1 107 429 INV
2 1 430 429 433 XOR
1 1 433 428 INV
2 1 42 106 422 AND
1 1 422 427 INV
2 1 424 423 425 AND
1 1 425 426 INV
2 1 427 426 432 AND
2 1 428 432 639 XOR
2 1 44 108 439 XOR
2 1 430 429 431 AND
1 1 431 436 INV
2 1 433 432 434 AND
1 1 434 435 INV
2 1 436 435 438 AND
2 1 439 438 640 XOR
1 1 45 445 INV
1 1 109 444 INV
2 1 445 444 448 XOR
1 1 448 443 INV
2 1 44 108 437 AND
1 1 437 442 INV
2 1 439 438 440 AND
1 1 440 441 INV
2 1 442 441 447 AND
2 1 443 447 641 XOR
2 1 46 110 454 XOR
2 1 445 444 446 AND
1 1 446 451 INV
2 1 448 447 449 AND
1 1 449 450 INV
2 1 451 450 453 AND
2 1 454 453 642 XOR
1 1 47 460 INV
1 1 111 459 INV
2 1 460 459 463 XOR
1 1 463 458 INV
2 1 46 110 452 AND
1 1 452 457 INV
2 1 454 453 455 AND
1 1 455 456 INV
2 1 457 456 462 AND
2 1 458 462 643 XOR
2 1 48 112 469 XOR
2 1 460 459 461 AND
1 1 461 466 INV
2 1 463 462 464 AND
1 1 464 465 INV
2 1 466 465 468 AND
2 1 469 468 644 XOR
1 1 49 477 INV
1 1 113 476 INV
2 1 477 476 480 XOR
1 1 480 473 INV
2 1 48 112 467 AND
1 1 467 472 INV
2 1 469 468 470 AND
1 1 470 471 INV
2 1 472 471 479 AND
2 1 473 479 645 XOR
2 1 475 474 600 XOR
2 1 50 114 486 XOR
2 1 477 476 478 AND
1 1 478 483 INV
2 1 480 479 481 AND
1 1 481 482 INV
2 1 483 482 485 AND
2 1 486 485 646 XOR
1 1 51 492 INV
1 1 115 491 INV
2 1 492 491 495 XOR
1 1 495 490 INV
2 1 50 114 484 AND
1 1 484 489 INV
2 1 486 485 487 AND
1 1 487 488 INV
2 1 489 488 494 AND
2 1 490 494 647 XOR
2 1 52 116 501 XOR
2 1 492 491 493 AND
1 1 493 498 INV
2 1 495 494 496 AND
1 1 496 497 INV
2 1 498 497 500 AND
2 1 501 500 648 XOR
1 1 53 507 INV
1 1 117 506 INV
2 1 507 506 510 XOR
1 1 510 505 INV
2 1 52 116 499 AND
1 1 499 504 INV
2 1 501 500 502 AND
1 1 502 503 INV
2 1 504 503 509 AND
2 1 505 509 649 XOR
2 1 54 118 516 XOR
2 1 507 506 508 AND
1 1 508 513 INV
2 1 510 509 511 AND
1 1 511 512 INV
2 1 513 512 515 AND
2 1 516 515 650 XOR
1 1 55 522 INV
1 1 119 521 INV
2 1 522 521 525 XOR
1 1 525 520 INV
2 1 54 118 514 AND
1 1 514 519 INV
2 1 516 515 517 AND
1 1 517 518 INV
2 1 519 518 524 AND
2 1 520 524 651 XOR
2 1 56 120 531 XOR
2 1 522 521 523 AND
1 1 523 528 INV
2 1 525 524 526 AND
1 1 526 527 INV
2 1 528 527 530 AND
2 1 531 530 652 XOR
1 1 57 537 INV
1 1 121 536 INV
2 1 537 536 540 XOR
1 1 540 535 INV
2 1 56 120 529 AND
1 1 529 534 INV
2 1 531 530 532 AND
1 1 532 533 INV
2 1 534 533 539 AND
2 1 535 539 653 XOR
2 1 58 122 546 XOR
2 1 537 536 538 AND
1 1 538 543 INV
2 1 540 539 541 AND
1 1 541 542 INV
2 1 543 542 545 AND
2 1 546 545 654 XOR
1 1 59 555 INV
1 1 123 554 INV
2 1 555 554 558 XOR
1 1 558 550 INV
2 1 58 122 544 AND
1 1 544 549 INV
2 1 546 545 547 AND
1 1 547 548 INV
2 1 549 548 557 AND
2 1 550 557 655 XOR
1 1 551 553 INV
2 1 553 552 601 XOR
2 1 60 124 564 XOR
2 1 555 554 556 AND
1 1 556 561 INV
2 1 558 557 559 AND
1 1 559 560 INV
2 1 561 560 563 AND
2 1 564 563 656 XOR
1 1 61 570 INV
1 1 125 569 INV
2 1 570 569 573 XOR
1 1 573 568 INV
2 1 60 124 562 AND
1 1 562 567 INV
2 1 564 563 565 AND
1 1 565 566 INV
2 1 567 566 572 AND
2 1 568 572 657 XOR
2 1 62 126 579 XOR
2 1 570 569 571 AND
1 1 571 576 INV
2 1 573 572 574 AND
1 1 574 575 INV
2 1 576 575 578 AND
2 1 579 578 658 XOR
2 1 63 127 577 XOR
1 1 577 585 INV
2 1 579 578 580 AND
1 1 580 583 INV
2 1 62 126 581 AND
1 1 581 582 INV
2 1 583 582 584 AND
2 1 585 584 659 XOR
2 1 587 586 602 XOR
1 1 588 590 INV
2 1 590 589 603 XOR
2 1 592 591 604 XOR
1 1 593 595 INV
2 1 595 594 605 XOR


