590 718
2 64 64 
1 1 

1 1 61 128 INV
2 1 125 128 129 AND
1 1 129 136 INV
1 1 62 130 INV
2 1 126 130 131 AND
1 1 131 135 INV
1 1 127 132 INV
2 1 63 132 133 AND
1 1 133 134 INV
2 1 135 134 183 AND
2 1 136 183 140 AND
1 1 60 137 INV
2 1 124 137 138 AND
1 1 138 139 INV
2 1 140 139 200 AND
1 1 59 141 INV
2 1 123 141 142 AND
1 1 142 146 INV
1 1 58 143 INV
2 1 122 143 144 AND
1 1 144 145 INV
2 1 146 145 193 AND
1 1 120 147 INV
2 1 56 147 151 AND
2 1 57 151 149 XOR
1 1 121 148 INV
2 1 149 148 150 AND
1 1 150 154 INV
2 1 57 151 152 AND
1 1 152 153 INV
2 1 154 153 158 AND
1 1 122 155 INV
2 1 58 155 156 AND
1 1 156 157 INV
2 1 158 157 159 AND
1 1 159 160 INV
2 1 193 160 161 AND
1 1 161 165 INV
1 1 123 162 INV
2 1 59 162 163 AND
1 1 163 164 INV
2 1 165 164 166 AND
1 1 166 167 INV
2 1 200 167 168 AND
1 1 168 186 INV
1 1 124 169 INV
2 1 60 169 173 AND
2 1 61 173 171 XOR
1 1 125 170 INV
2 1 171 170 172 AND
1 1 172 176 INV
2 1 61 173 174 AND
1 1 174 175 INV
2 1 176 175 180 AND
1 1 126 177 INV
2 1 62 177 178 AND
1 1 178 179 INV
2 1 180 179 181 AND
1 1 181 182 INV
2 1 183 182 184 AND
1 1 184 185 INV
2 1 186 185 190 AND
1 1 63 187 INV
2 1 127 187 188 AND
1 1 188 189 INV
2 1 190 189 716 AND
1 1 57 191 INV
2 1 121 191 192 AND
1 1 192 194 INV
2 1 194 193 198 AND
1 1 56 195 INV
2 1 120 195 196 AND
1 1 196 197 INV
2 1 198 197 199 AND
2 1 200 199 713 AND
1 1 53 201 INV
2 1 117 201 202 AND
1 1 202 209 INV
1 1 54 203 INV
2 1 118 203 204 AND
1 1 204 208 INV
1 1 55 205 INV
2 1 119 205 206 AND
1 1 206 207 INV
2 1 208 207 256 AND
2 1 209 256 213 AND
1 1 52 210 INV
2 1 116 210 211 AND
1 1 211 212 INV
2 1 213 212 705 AND
1 1 50 214 INV
2 1 114 214 215 AND
1 1 215 219 INV
1 1 51 216 INV
2 1 115 216 217 AND
1 1 217 218 INV
2 1 219 218 267 AND
1 1 112 220 INV
2 1 48 220 224 AND
2 1 49 224 222 XOR
1 1 113 221 INV
2 1 222 221 223 AND
1 1 223 227 INV
2 1 49 224 225 AND
1 1 225 226 INV
2 1 227 226 231 AND
1 1 114 228 INV
2 1 50 228 229 AND
1 1 229 230 INV
2 1 231 230 232 AND
1 1 232 233 INV
2 1 267 233 234 AND
1 1 234 238 INV
1 1 115 235 INV
2 1 51 235 236 AND
1 1 236 237 INV
2 1 238 237 239 AND
1 1 239 240 INV
2 1 705 240 241 AND
1 1 241 259 INV
1 1 116 242 INV
2 1 52 242 246 AND
2 1 53 246 244 XOR
1 1 117 243 INV
2 1 244 243 245 AND
1 1 245 249 INV
2 1 53 246 247 AND
1 1 247 248 INV
2 1 249 248 253 AND
1 1 118 250 INV
2 1 54 250 251 AND
1 1 251 252 INV
2 1 253 252 254 AND
1 1 254 255 INV
2 1 256 255 257 AND
1 1 257 258 INV
2 1 259 258 263 AND
1 1 119 260 INV
2 1 55 260 261 AND
1 1 261 262 INV
2 1 263 262 710 AND
1 1 48 264 INV
2 1 112 264 265 AND
1 1 265 266 INV
2 1 267 266 271 AND
1 1 49 268 INV
2 1 113 268 269 AND
1 1 269 270 INV
2 1 271 270 707 AND
1 1 45 272 INV
2 1 109 272 273 AND
1 1 273 279 INV
1 1 47 274 INV
2 1 111 274 275 AND
1 1 275 278 INV
1 1 46 312 INV
2 1 110 312 276 AND
1 1 276 277 INV
2 1 278 277 325 AND
2 1 279 325 283 AND
1 1 44 280 INV
2 1 108 280 281 AND
1 1 281 282 INV
2 1 283 282 342 AND
1 1 42 284 INV
2 1 106 284 285 AND
1 1 285 289 INV
1 1 43 286 INV
2 1 107 286 287 AND
1 1 287 288 INV
2 1 289 288 335 AND
1 1 104 290 INV
2 1 40 290 294 AND
2 1 41 294 292 XOR
1 1 105 291 INV
2 1 292 291 293 AND
1 1 293 297 INV
2 1 41 294 295 AND
1 1 295 296 INV
2 1 297 296 301 AND
1 1 106 298 INV
2 1 42 298 299 AND
1 1 299 300 INV
2 1 301 300 302 AND
1 1 302 303 INV
2 1 335 303 304 AND
1 1 304 308 INV
1 1 107 305 INV
2 1 43 305 306 AND
1 1 306 307 INV
2 1 308 307 309 AND
1 1 309 310 INV
2 1 342 310 311 AND
1 1 311 328 INV
2 1 110 312 322 XOR
1 1 108 313 INV
2 1 44 313 317 AND
2 1 45 317 315 XOR
1 1 109 314 INV
2 1 315 314 316 AND
1 1 316 320 INV
2 1 45 317 318 AND
1 1 318 319 INV
2 1 320 319 321 AND
2 1 322 321 323 AND
1 1 323 324 INV
2 1 325 324 326 AND
1 1 326 327 INV
2 1 328 327 332 AND
1 1 111 329 INV
2 1 47 329 330 AND
1 1 330 331 INV
2 1 332 331 702 AND
1 1 41 333 INV
2 1 105 333 334 AND
1 1 334 336 INV
2 1 336 335 340 AND
1 1 40 337 INV
2 1 104 337 338 AND
1 1 338 339 INV
2 1 340 339 341 AND
2 1 342 341 699 AND
1 1 37 343 INV
2 1 101 343 344 AND
1 1 344 351 INV
1 1 38 345 INV
2 1 102 345 346 AND
1 1 346 350 INV
1 1 39 347 INV
2 1 103 347 348 AND
1 1 348 349 INV
2 1 350 349 398 AND
2 1 351 398 355 AND
1 1 36 352 INV
2 1 100 352 353 AND
1 1 353 354 INV
2 1 355 354 693 AND
1 1 34 356 INV
2 1 98 356 357 AND
1 1 357 361 INV
1 1 35 358 INV
2 1 99 358 359 AND
1 1 359 360 INV
2 1 361 360 408 AND
1 1 96 362 INV
2 1 32 362 366 AND
2 1 33 366 364 XOR
1 1 97 363 INV
2 1 364 363 365 AND
1 1 365 369 INV
2 1 33 366 367 AND
1 1 367 368 INV
2 1 369 368 373 AND
1 1 98 370 INV
2 1 34 370 371 AND
1 1 371 372 INV
2 1 373 372 374 AND
1 1 374 375 INV
2 1 408 375 376 AND
1 1 376 380 INV
1 1 99 377 INV
2 1 35 377 378 AND
1 1 378 379 INV
2 1 380 379 381 AND
1 1 381 382 INV
2 1 693 382 383 AND
1 1 383 401 INV
1 1 100 384 INV
2 1 36 384 388 AND
2 1 37 388 386 XOR
1 1 101 385 INV
2 1 386 385 387 AND
1 1 387 391 INV
2 1 37 388 389 AND
1 1 389 390 INV
2 1 391 390 395 AND
1 1 102 392 INV
2 1 38 392 393 AND
1 1 393 394 INV
2 1 395 394 396 AND
1 1 396 397 INV
2 1 398 397 399 AND
1 1 399 400 INV
2 1 401 400 405 AND
1 1 103 402 INV
2 1 39 402 403 AND
1 1 403 404 INV
2 1 405 404 696 AND
1 1 33 406 INV
2 1 97 406 407 AND
1 1 407 409 INV
2 1 409 408 413 AND
1 1 32 410 INV
2 1 96 410 411 AND
1 1 411 412 INV
2 1 413 412 691 AND
1 1 31 414 INV
2 1 95 414 415 AND
1 1 415 419 INV
1 1 30 416 INV
2 1 94 416 417 AND
1 1 417 418 INV
2 1 419 418 437 AND
1 1 92 420 INV
2 1 28 420 424 AND
2 1 29 424 422 XOR
1 1 93 421 INV
2 1 422 421 423 AND
1 1 423 427 INV
2 1 29 424 425 AND
1 1 425 426 INV
2 1 427 426 431 AND
1 1 94 428 INV
2 1 30 428 429 AND
1 1 429 430 INV
2 1 431 430 432 AND
1 1 432 433 INV
2 1 437 433 434 AND
1 1 434 684 INV
1 1 29 435 INV
2 1 93 435 436 AND
1 1 436 438 INV
2 1 438 437 442 AND
1 1 28 439 INV
2 1 92 439 440 AND
1 1 440 441 INV
2 1 442 441 681 AND
1 1 27 443 INV
2 1 91 443 444 AND
1 1 444 448 INV
1 1 26 445 INV
2 1 90 445 446 AND
1 1 446 447 INV
2 1 448 447 470 AND
1 1 88 449 INV
2 1 24 449 453 AND
2 1 25 453 451 XOR
1 1 89 450 INV
2 1 451 450 452 AND
1 1 452 456 INV
2 1 25 453 454 AND
1 1 454 455 INV
2 1 456 455 460 AND
1 1 90 457 INV
2 1 26 457 458 AND
1 1 458 459 INV
2 1 460 459 461 AND
1 1 461 462 INV
2 1 470 462 463 AND
1 1 463 467 INV
1 1 91 464 INV
2 1 27 464 465 AND
1 1 465 466 INV
2 1 467 466 678 AND
1 1 25 468 INV
2 1 89 468 469 AND
1 1 469 471 INV
2 1 471 470 475 AND
1 1 24 472 INV
2 1 88 472 473 AND
1 1 473 474 INV
2 1 475 474 675 AND
1 1 22 476 INV
2 1 86 476 477 AND
1 1 477 481 INV
1 1 23 478 INV
2 1 87 478 479 AND
1 1 479 480 INV
2 1 481 480 499 AND
1 1 84 482 INV
2 1 20 482 486 AND
2 1 21 486 484 XOR
1 1 85 483 INV
2 1 484 483 485 AND
1 1 485 489 INV
2 1 21 486 487 AND
1 1 487 488 INV
2 1 489 488 493 AND
1 1 86 490 INV
2 1 22 490 491 AND
1 1 491 492 INV
2 1 493 492 494 AND
1 1 494 495 INV
2 1 499 495 496 AND
1 1 496 668 INV
1 1 21 497 INV
2 1 85 497 498 AND
1 1 498 500 INV
2 1 500 499 504 AND
1 1 20 501 INV
2 1 84 501 502 AND
1 1 502 503 INV
2 1 504 503 665 AND
1 1 19 505 INV
2 1 83 505 506 AND
1 1 506 510 INV
1 1 18 507 INV
2 1 82 507 508 AND
1 1 508 509 INV
2 1 510 509 532 AND
1 1 80 511 INV
2 1 16 511 515 AND
2 1 17 515 513 XOR
1 1 81 512 INV
2 1 513 512 514 AND
1 1 514 518 INV
2 1 17 515 516 AND
1 1 516 517 INV
2 1 518 517 522 AND
1 1 82 519 INV
2 1 18 519 520 AND
1 1 520 521 INV
2 1 522 521 523 AND
1 1 523 524 INV
2 1 532 524 525 AND
1 1 525 529 INV
1 1 83 526 INV
2 1 19 526 527 AND
1 1 527 528 INV
2 1 529 528 662 AND
1 1 17 530 INV
2 1 81 530 531 AND
1 1 531 533 INV
2 1 533 532 537 AND
1 1 16 534 INV
2 1 80 534 535 AND
1 1 535 536 INV
2 1 537 536 659 AND
1 1 15 538 INV
2 1 79 538 539 AND
1 1 539 645 INV
1 1 13 540 INV
2 1 77 540 541 AND
1 1 541 631 INV
1 1 11 542 INV
2 1 75 542 543 AND
1 1 543 547 INV
1 1 10 544 INV
2 1 74 544 545 AND
1 1 545 546 INV
2 1 547 546 623 AND
1 1 72 548 INV
2 1 8 548 552 AND
2 1 9 552 550 XOR
1 1 73 549 INV
2 1 550 549 551 AND
1 1 551 555 INV
2 1 9 552 553 AND
1 1 553 554 INV
2 1 555 554 559 AND
1 1 74 556 INV
2 1 10 556 557 AND
1 1 557 558 INV
2 1 559 558 620 AND
1 1 9 560 INV
2 1 73 560 561 AND
1 1 561 565 INV
1 1 8 562 INV
2 1 72 562 563 AND
1 1 563 564 INV
2 1 565 564 617 AND
1 1 7 567 INV
2 1 71 567 566 AND
1 1 566 615 INV
2 1 71 567 612 XOR
1 1 3 569 INV
2 1 67 569 568 AND
1 1 568 589 INV
2 1 67 569 586 XOR
1 1 0 570 INV
2 1 64 570 574 AND
2 1 65 574 572 XOR
1 1 1 571 INV
2 1 572 571 573 AND
1 1 573 577 INV
2 1 65 574 575 AND
1 1 575 576 INV
2 1 577 576 581 AND
2 1 581 2 579 XOR
1 1 66 578 INV
2 1 579 578 580 AND
1 1 580 584 INV
2 1 581 2 582 AND
1 1 582 583 INV
2 1 584 583 585 AND
2 1 586 585 587 AND
1 1 587 588 INV
2 1 589 588 593 AND
2 1 4 593 591 XOR
1 1 68 590 INV
2 1 591 590 592 AND
1 1 592 596 INV
2 1 4 593 594 AND
1 1 594 595 INV
2 1 596 595 600 AND
2 1 69 600 598 XOR
1 1 5 597 INV
2 1 598 597 599 AND
1 1 599 603 INV
2 1 69 600 601 AND
1 1 601 602 INV
2 1 603 602 607 AND
2 1 6 607 605 XOR
1 1 70 604 INV
2 1 605 604 606 AND
1 1 606 610 INV
2 1 6 607 608 AND
1 1 608 609 INV
2 1 610 609 611 AND
2 1 612 611 613 AND
1 1 613 614 INV
2 1 615 614 616 AND
2 1 617 616 618 AND
1 1 618 619 INV
2 1 620 619 621 AND
1 1 621 622 INV
2 1 623 622 624 AND
1 1 624 628 INV
1 1 75 625 INV
2 1 11 625 626 AND
1 1 626 627 INV
2 1 628 627 633 AND
1 1 12 632 INV
2 1 633 632 629 AND
1 1 629 630 INV
2 1 631 630 637 AND
2 1 633 632 634 XOR
2 1 634 76 635 AND
1 1 635 636 INV
2 1 637 636 638 AND
1 1 638 642 INV
1 1 77 639 INV
2 1 13 639 640 AND
1 1 640 641 INV
2 1 642 641 647 AND
1 1 14 646 INV
2 1 647 646 643 AND
1 1 643 644 INV
2 1 645 644 651 AND
2 1 647 646 648 XOR
2 1 648 78 649 AND
1 1 649 650 INV
2 1 651 650 652 AND
1 1 652 656 INV
1 1 79 653 INV
2 1 15 653 654 AND
1 1 654 655 INV
2 1 656 655 657 AND
1 1 657 658 INV
2 1 659 658 660 AND
1 1 660 661 INV
2 1 662 661 663 AND
1 1 663 664 INV
2 1 665 664 666 AND
1 1 666 667 INV
2 1 668 667 672 AND
1 1 87 669 INV
2 1 23 669 670 AND
1 1 670 671 INV
2 1 672 671 673 AND
1 1 673 674 INV
2 1 675 674 676 AND
1 1 676 677 INV
2 1 678 677 679 AND
1 1 679 680 INV
2 1 681 680 682 AND
1 1 682 683 INV
2 1 684 683 688 AND
1 1 95 685 INV
2 1 31 685 686 AND
1 1 686 687 INV
2 1 688 687 689 AND
1 1 689 690 INV
2 1 691 690 692 AND
2 1 693 692 694 AND
1 1 694 695 INV
2 1 696 695 697 AND
1 1 697 698 INV
2 1 699 698 700 AND
1 1 700 701 INV
2 1 702 701 703 AND
1 1 703 704 INV
2 1 705 704 706 AND
2 1 707 706 708 AND
1 1 708 709 INV
2 1 710 709 711 AND
1 1 711 712 INV
2 1 713 712 714 AND
1 1 714 715 INV
2 1 716 715 717 AND


