593 721
2 64 64 
1 1 

1 1 61 128 INV
2 1 125 128 129 AND
1 1 129 136 INV
1 1 62 130 INV
2 1 126 130 131 AND
1 1 131 135 INV
1 1 127 132 INV
2 1 63 132 133 AND
1 1 133 134 INV
2 1 135 134 183 AND
2 1 136 183 140 AND
1 1 60 137 INV
2 1 124 137 138 AND
1 1 138 139 INV
2 1 140 139 200 AND
1 1 59 141 INV
2 1 123 141 142 AND
1 1 142 146 INV
1 1 58 143 INV
2 1 122 143 144 AND
1 1 144 145 INV
2 1 146 145 193 AND
1 1 120 147 INV
2 1 56 147 151 AND
2 1 57 151 149 XOR
1 1 121 148 INV
2 1 149 148 150 AND
1 1 150 154 INV
2 1 57 151 152 AND
1 1 152 153 INV
2 1 154 153 158 AND
1 1 122 155 INV
2 1 58 155 156 AND
1 1 156 157 INV
2 1 158 157 159 AND
1 1 159 160 INV
2 1 193 160 161 AND
1 1 161 165 INV
1 1 123 162 INV
2 1 59 162 163 AND
1 1 163 164 INV
2 1 165 164 166 AND
1 1 166 167 INV
2 1 200 167 168 AND
1 1 168 186 INV
1 1 124 169 INV
2 1 60 169 173 AND
2 1 61 173 171 XOR
1 1 125 170 INV
2 1 171 170 172 AND
1 1 172 176 INV
2 1 61 173 174 AND
1 1 174 175 INV
2 1 176 175 180 AND
1 1 126 177 INV
2 1 62 177 178 AND
1 1 178 179 INV
2 1 180 179 181 AND
1 1 181 182 INV
2 1 183 182 184 AND
1 1 184 185 INV
2 1 186 185 190 AND
1 1 63 187 INV
2 1 127 187 188 AND
1 1 188 189 INV
2 1 190 189 719 AND
1 1 57 191 INV
2 1 121 191 192 AND
1 1 192 194 INV
2 1 194 193 198 AND
1 1 56 195 INV
2 1 120 195 196 AND
1 1 196 197 INV
2 1 198 197 199 AND
2 1 200 199 716 AND
1 1 53 201 INV
2 1 117 201 202 AND
1 1 202 209 INV
1 1 54 203 INV
2 1 118 203 204 AND
1 1 204 208 INV
1 1 55 205 INV
2 1 119 205 206 AND
1 1 206 207 INV
2 1 208 207 256 AND
2 1 209 256 213 AND
1 1 52 210 INV
2 1 116 210 211 AND
1 1 211 212 INV
2 1 213 212 273 AND
1 1 50 214 INV
2 1 114 214 215 AND
1 1 215 219 INV
1 1 51 216 INV
2 1 115 216 217 AND
1 1 217 218 INV
2 1 219 218 266 AND
1 1 112 220 INV
2 1 48 220 224 AND
2 1 49 224 222 XOR
1 1 113 221 INV
2 1 222 221 223 AND
1 1 223 227 INV
2 1 49 224 225 AND
1 1 225 226 INV
2 1 227 226 231 AND
1 1 114 228 INV
2 1 50 228 229 AND
1 1 229 230 INV
2 1 231 230 232 AND
1 1 232 233 INV
2 1 266 233 234 AND
1 1 234 238 INV
1 1 115 235 INV
2 1 51 235 236 AND
1 1 236 237 INV
2 1 238 237 239 AND
1 1 239 240 INV
2 1 273 240 241 AND
1 1 241 259 INV
1 1 116 242 INV
2 1 52 242 246 AND
2 1 53 246 244 XOR
1 1 117 243 INV
2 1 244 243 245 AND
1 1 245 249 INV
2 1 53 246 247 AND
1 1 247 248 INV
2 1 249 248 253 AND
1 1 118 250 INV
2 1 54 250 251 AND
1 1 251 252 INV
2 1 253 252 254 AND
1 1 254 255 INV
2 1 256 255 257 AND
1 1 257 258 INV
2 1 259 258 263 AND
1 1 119 260 INV
2 1 55 260 261 AND
1 1 261 262 INV
2 1 263 262 713 AND
1 1 49 264 INV
2 1 113 264 265 AND
1 1 265 267 INV
2 1 267 266 271 AND
1 1 48 268 INV
2 1 112 268 269 AND
1 1 269 270 INV
2 1 271 270 272 AND
2 1 273 272 710 AND
1 1 47 274 INV
2 1 111 274 275 AND
1 1 275 278 INV
1 1 46 279 INV
2 1 110 279 276 AND
1 1 276 277 INV
2 1 278 277 295 AND
2 1 110 279 289 XOR
1 1 108 280 INV
2 1 44 280 284 AND
2 1 45 284 282 XOR
1 1 109 281 INV
2 1 282 281 283 AND
1 1 283 287 INV
2 1 45 284 285 AND
1 1 285 286 INV
2 1 287 286 288 AND
2 1 289 288 290 AND
1 1 290 291 INV
2 1 295 291 292 AND
1 1 292 677 INV
1 1 45 293 INV
2 1 109 293 294 AND
1 1 294 296 INV
2 1 296 295 300 AND
1 1 44 297 INV
2 1 108 297 298 AND
1 1 298 299 INV
2 1 300 299 704 AND
1 1 41 301 INV
2 1 105 301 302 AND
1 1 302 309 INV
1 1 42 303 INV
2 1 106 303 304 AND
1 1 304 308 INV
1 1 43 305 INV
2 1 107 305 306 AND
1 1 306 307 INV
2 1 308 307 696 AND
2 1 309 696 313 AND
1 1 40 310 INV
2 1 104 310 311 AND
1 1 311 312 INV
2 1 313 312 314 AND
2 1 704 314 674 AND
1 1 37 315 INV
2 1 101 315 316 AND
1 1 316 323 INV
1 1 38 317 INV
2 1 102 317 318 AND
1 1 318 322 INV
1 1 39 319 INV
2 1 103 319 320 AND
1 1 320 321 INV
2 1 322 321 370 AND
2 1 323 370 327 AND
1 1 36 324 INV
2 1 100 324 325 AND
1 1 325 326 INV
2 1 327 326 667 AND
1 1 34 328 INV
2 1 98 328 329 AND
1 1 329 333 INV
1 1 35 330 INV
2 1 99 330 331 AND
1 1 331 332 INV
2 1 333 332 380 AND
1 1 96 334 INV
2 1 32 334 338 AND
2 1 33 338 336 XOR
1 1 97 335 INV
2 1 336 335 337 AND
1 1 337 341 INV
2 1 33 338 339 AND
1 1 339 340 INV
2 1 341 340 345 AND
1 1 98 342 INV
2 1 34 342 343 AND
1 1 343 344 INV
2 1 345 344 346 AND
1 1 346 347 INV
2 1 380 347 348 AND
1 1 348 352 INV
1 1 99 349 INV
2 1 35 349 350 AND
1 1 350 351 INV
2 1 352 351 353 AND
1 1 353 354 INV
2 1 667 354 355 AND
1 1 355 373 INV
1 1 100 356 INV
2 1 36 356 360 AND
2 1 37 360 358 XOR
1 1 101 357 INV
2 1 358 357 359 AND
1 1 359 363 INV
2 1 37 360 361 AND
1 1 361 362 INV
2 1 363 362 367 AND
1 1 102 364 INV
2 1 38 364 365 AND
1 1 365 366 INV
2 1 367 366 368 AND
1 1 368 369 INV
2 1 370 369 371 AND
1 1 371 372 INV
2 1 373 372 377 AND
1 1 103 374 INV
2 1 39 374 375 AND
1 1 375 376 INV
2 1 377 376 671 AND
1 1 33 378 INV
2 1 97 378 379 AND
1 1 379 381 INV
2 1 381 380 385 AND
1 1 32 382 INV
2 1 96 382 383 AND
1 1 383 384 INV
2 1 385 384 666 AND
1 1 31 386 INV
2 1 95 386 387 AND
1 1 387 391 INV
1 1 30 388 INV
2 1 94 388 389 AND
1 1 389 390 INV
2 1 391 390 409 AND
1 1 92 392 INV
2 1 28 392 396 AND
2 1 29 396 394 XOR
1 1 93 393 INV
2 1 394 393 395 AND
1 1 395 399 INV
2 1 29 396 397 AND
1 1 397 398 INV
2 1 399 398 403 AND
1 1 94 400 INV
2 1 30 400 401 AND
1 1 401 402 INV
2 1 403 402 404 AND
1 1 404 405 INV
2 1 409 405 406 AND
1 1 406 659 INV
1 1 29 407 INV
2 1 93 407 408 AND
1 1 408 410 INV
2 1 410 409 414 AND
1 1 28 411 INV
2 1 92 411 412 AND
1 1 412 413 INV
2 1 414 413 656 AND
1 1 27 415 INV
2 1 91 415 416 AND
1 1 416 420 INV
1 1 26 417 INV
2 1 90 417 418 AND
1 1 418 419 INV
2 1 420 419 442 AND
1 1 88 421 INV
2 1 24 421 425 AND
2 1 25 425 423 XOR
1 1 89 422 INV
2 1 423 422 424 AND
1 1 424 428 INV
2 1 25 425 426 AND
1 1 426 427 INV
2 1 428 427 432 AND
1 1 90 429 INV
2 1 26 429 430 AND
1 1 430 431 INV
2 1 432 431 433 AND
1 1 433 434 INV
2 1 442 434 435 AND
1 1 435 439 INV
1 1 91 436 INV
2 1 27 436 437 AND
1 1 437 438 INV
2 1 439 438 653 AND
1 1 25 440 INV
2 1 89 440 441 AND
1 1 441 443 INV
2 1 443 442 447 AND
1 1 24 444 INV
2 1 88 444 445 AND
1 1 445 446 INV
2 1 447 446 650 AND
1 1 22 448 INV
2 1 86 448 449 AND
1 1 449 453 INV
1 1 23 450 INV
2 1 87 450 451 AND
1 1 451 452 INV
2 1 453 452 471 AND
1 1 84 454 INV
2 1 20 454 458 AND
2 1 21 458 456 XOR
1 1 85 455 INV
2 1 456 455 457 AND
1 1 457 461 INV
2 1 21 458 459 AND
1 1 459 460 INV
2 1 461 460 465 AND
1 1 86 462 INV
2 1 22 462 463 AND
1 1 463 464 INV
2 1 465 464 466 AND
1 1 466 467 INV
2 1 471 467 468 AND
1 1 468 643 INV
1 1 21 469 INV
2 1 85 469 470 AND
1 1 470 472 INV
2 1 472 471 476 AND
1 1 20 473 INV
2 1 84 473 474 AND
1 1 474 475 INV
2 1 476 475 640 AND
1 1 19 477 INV
2 1 83 477 478 AND
1 1 478 482 INV
1 1 18 479 INV
2 1 82 479 480 AND
1 1 480 481 INV
2 1 482 481 504 AND
1 1 80 483 INV
2 1 16 483 487 AND
2 1 17 487 485 XOR
1 1 81 484 INV
2 1 485 484 486 AND
1 1 486 490 INV
2 1 17 487 488 AND
1 1 488 489 INV
2 1 490 489 494 AND
1 1 82 491 INV
2 1 18 491 492 AND
1 1 492 493 INV
2 1 494 493 495 AND
1 1 495 496 INV
2 1 504 496 497 AND
1 1 497 501 INV
1 1 83 498 INV
2 1 19 498 499 AND
1 1 499 500 INV
2 1 501 500 637 AND
1 1 17 502 INV
2 1 81 502 503 AND
1 1 503 505 INV
2 1 505 504 509 AND
1 1 16 506 INV
2 1 80 506 507 AND
1 1 507 508 INV
2 1 509 508 634 AND
1 1 15 510 INV
2 1 79 510 511 AND
1 1 511 620 INV
1 1 13 512 INV
2 1 77 512 513 AND
1 1 513 606 INV
1 1 11 514 INV
2 1 75 514 515 AND
1 1 515 519 INV
1 1 10 516 INV
2 1 74 516 517 AND
1 1 517 518 INV
2 1 519 518 598 AND
1 1 72 520 INV
2 1 8 520 524 AND
2 1 9 524 522 XOR
1 1 73 521 INV
2 1 522 521 523 AND
1 1 523 527 INV
2 1 9 524 525 AND
1 1 525 526 INV
2 1 527 526 531 AND
1 1 74 528 INV
2 1 10 528 529 AND
1 1 529 530 INV
2 1 531 530 595 AND
1 1 9 532 INV
2 1 73 532 533 AND
1 1 533 537 INV
1 1 8 534 INV
2 1 72 534 535 AND
1 1 535 536 INV
2 1 537 536 592 AND
1 1 71 585 INV
1 1 5 538 INV
2 1 69 538 539 AND
1 1 539 564 INV
1 1 64 540 INV
2 1 0 540 544 AND
2 1 544 1 542 XOR
1 1 65 541 INV
2 1 542 541 543 AND
1 1 543 547 INV
2 1 544 1 545 AND
1 1 545 546 INV
2 1 547 546 551 AND
2 1 551 66 549 XOR
1 1 2 548 INV
2 1 549 548 550 AND
1 1 550 554 INV
2 1 551 66 552 AND
1 1 552 553 INV
2 1 554 553 558 AND
2 1 3 558 556 XOR
1 1 67 555 INV
2 1 556 555 557 AND
1 1 557 561 INV
2 1 3 558 559 AND
1 1 559 560 INV
2 1 561 560 566 AND
1 1 4 565 INV
2 1 566 565 562 AND
1 1 562 563 INV
2 1 564 563 570 AND
2 1 566 565 567 XOR
2 1 567 68 568 AND
1 1 568 569 INV
2 1 570 569 571 AND
1 1 571 575 INV
1 1 69 572 INV
2 1 5 572 573 AND
1 1 573 574 INV
2 1 575 574 578 AND
1 1 6 577 INV
2 1 578 577 576 AND
1 1 576 582 INV
2 1 578 577 579 XOR
2 1 579 70 580 AND
1 1 580 581 INV
2 1 582 581 584 AND
2 1 585 584 583 AND
1 1 583 589 INV
2 1 585 584 586 XOR
2 1 586 7 587 AND
1 1 587 588 INV
2 1 589 588 590 AND
1 1 590 591 INV
2 1 592 591 593 AND
1 1 593 594 INV
2 1 595 594 596 AND
1 1 596 597 INV
2 1 598 597 599 AND
1 1 599 603 INV
1 1 75 600 INV
2 1 11 600 601 AND
1 1 601 602 INV
2 1 603 602 608 AND
1 1 12 607 INV
2 1 608 607 604 AND
1 1 604 605 INV
2 1 606 605 612 AND
2 1 608 607 609 XOR
2 1 609 76 610 AND
1 1 610 611 INV
2 1 612 611 613 AND
1 1 613 617 INV
1 1 77 614 INV
2 1 13 614 615 AND
1 1 615 616 INV
2 1 617 616 622 AND
1 1 14 621 INV
2 1 622 621 618 AND
1 1 618 619 INV
2 1 620 619 626 AND
2 1 622 621 623 XOR
2 1 623 78 624 AND
1 1 624 625 INV
2 1 626 625 627 AND
1 1 627 631 INV
1 1 79 628 INV
2 1 15 628 629 AND
1 1 629 630 INV
2 1 631 630 632 AND
1 1 632 633 INV
2 1 634 633 635 AND
1 1 635 636 INV
2 1 637 636 638 AND
1 1 638 639 INV
2 1 640 639 641 AND
1 1 641 642 INV
2 1 643 642 647 AND
1 1 87 644 INV
2 1 23 644 645 AND
1 1 645 646 INV
2 1 647 646 648 AND
1 1 648 649 INV
2 1 650 649 651 AND
1 1 651 652 INV
2 1 653 652 654 AND
1 1 654 655 INV
2 1 656 655 657 AND
1 1 657 658 INV
2 1 659 658 663 AND
1 1 95 660 INV
2 1 31 660 661 AND
1 1 661 662 INV
2 1 663 662 664 AND
1 1 664 665 INV
2 1 666 665 668 AND
2 1 668 667 669 AND
1 1 669 670 INV
2 1 671 670 672 AND
1 1 672 673 INV
2 1 674 673 675 AND
1 1 675 676 INV
2 1 677 676 681 AND
1 1 111 678 INV
2 1 47 678 679 AND
1 1 679 680 INV
2 1 681 680 707 AND
1 1 104 682 INV
2 1 40 682 686 AND
2 1 41 686 684 XOR
1 1 105 683 INV
2 1 684 683 685 AND
1 1 685 689 INV
2 1 41 686 687 AND
1 1 687 688 INV
2 1 689 688 693 AND
1 1 106 690 INV
2 1 42 690 691 AND
1 1 691 692 INV
2 1 693 692 694 AND
1 1 694 695 INV
2 1 696 695 697 AND
1 1 697 701 INV
1 1 107 698 INV
2 1 43 698 699 AND
1 1 699 700 INV
2 1 701 700 702 AND
1 1 702 703 INV
2 1 704 703 705 AND
1 1 705 706 INV
2 1 707 706 708 AND
1 1 708 709 INV
2 1 710 709 711 AND
1 1 711 712 INV
2 1 713 712 714 AND
1 1 714 715 INV
2 1 716 715 717 AND
1 1 717 718 INV
2 1 719 718 720 AND


