190 254
1 64 
1 64 

1 1 0 190 EQW
1 1 10 64 INV
1 1 190 83 INV
1 1 1 82 INV
2 1 83 82 104 AND
1 1 2 105 INV
2 1 104 105 126 AND
1 1 3 127 INV
2 1 126 127 148 AND
1 1 4 149 INV
2 1 148 149 170 AND
1 1 5 171 INV
2 1 170 171 182 AND
1 1 6 183 INV
2 1 182 183 184 AND
1 1 7 185 INV
2 1 184 185 186 AND
1 1 8 187 INV
2 1 186 187 188 AND
1 1 9 189 INV
2 1 188 189 65 AND
2 1 64 65 200 XOR
1 1 11 66 INV
2 1 65 64 67 AND
2 1 66 67 201 XOR
1 1 12 68 INV
2 1 67 66 69 AND
2 1 68 69 202 XOR
1 1 13 70 INV
2 1 69 68 71 AND
2 1 70 71 203 XOR
1 1 14 72 INV
2 1 71 70 73 AND
2 1 72 73 204 XOR
1 1 15 74 INV
2 1 73 72 75 AND
2 1 74 75 205 XOR
1 1 16 76 INV
2 1 75 74 77 AND
2 1 76 77 206 XOR
1 1 17 78 INV
2 1 77 76 79 AND
2 1 78 79 207 XOR
1 1 18 80 INV
2 1 79 78 81 AND
2 1 80 81 208 XOR
1 1 19 84 INV
2 1 81 80 85 AND
2 1 84 85 209 XOR
2 1 83 82 191 XOR
1 1 20 86 INV
2 1 85 84 87 AND
2 1 86 87 210 XOR
1 1 21 88 INV
2 1 87 86 89 AND
2 1 88 89 211 XOR
1 1 22 90 INV
2 1 89 88 91 AND
2 1 90 91 212 XOR
1 1 23 92 INV
2 1 91 90 93 AND
2 1 92 93 213 XOR
1 1 24 94 INV
2 1 93 92 95 AND
2 1 94 95 214 XOR
1 1 25 96 INV
2 1 95 94 97 AND
2 1 96 97 215 XOR
1 1 26 98 INV
2 1 97 96 99 AND
2 1 98 99 216 XOR
1 1 27 100 INV
2 1 99 98 101 AND
2 1 100 101 217 XOR
1 1 28 102 INV
2 1 101 100 103 AND
2 1 102 103 218 XOR
1 1 29 106 INV
2 1 103 102 107 AND
2 1 106 107 219 XOR
2 1 105 104 192 XOR
1 1 30 108 INV
2 1 107 106 109 AND
2 1 108 109 220 XOR
1 1 31 110 INV
2 1 109 108 111 AND
2 1 110 111 221 XOR
1 1 32 112 INV
2 1 111 110 113 AND
2 1 112 113 222 XOR
1 1 33 114 INV
2 1 113 112 115 AND
2 1 114 115 223 XOR
1 1 34 116 INV
2 1 115 114 117 AND
2 1 116 117 224 XOR
1 1 35 118 INV
2 1 117 116 119 AND
2 1 118 119 225 XOR
1 1 36 120 INV
2 1 119 118 121 AND
2 1 120 121 226 XOR
1 1 37 122 INV
2 1 121 120 123 AND
2 1 122 123 227 XOR
1 1 38 124 INV
2 1 123 122 125 AND
2 1 124 125 228 XOR
1 1 39 128 INV
2 1 125 124 129 AND
2 1 128 129 229 XOR
2 1 127 126 193 XOR
1 1 40 130 INV
2 1 129 128 131 AND
2 1 130 131 230 XOR
1 1 41 132 INV
2 1 131 130 133 AND
2 1 132 133 231 XOR
1 1 42 134 INV
2 1 133 132 135 AND
2 1 134 135 232 XOR
1 1 43 136 INV
2 1 135 134 137 AND
2 1 136 137 233 XOR
1 1 44 138 INV
2 1 137 136 139 AND
2 1 138 139 234 XOR
1 1 45 140 INV
2 1 139 138 141 AND
2 1 140 141 235 XOR
1 1 46 142 INV
2 1 141 140 143 AND
2 1 142 143 236 XOR
1 1 47 144 INV
2 1 143 142 145 AND
2 1 144 145 237 XOR
1 1 48 146 INV
2 1 145 144 147 AND
2 1 146 147 238 XOR
1 1 49 150 INV
2 1 147 146 151 AND
2 1 150 151 239 XOR
2 1 149 148 194 XOR
1 1 50 152 INV
2 1 151 150 153 AND
2 1 152 153 240 XOR
1 1 51 154 INV
2 1 153 152 155 AND
2 1 154 155 241 XOR
1 1 52 156 INV
2 1 155 154 157 AND
2 1 156 157 242 XOR
1 1 53 158 INV
2 1 157 156 159 AND
2 1 158 159 243 XOR
1 1 54 160 INV
2 1 159 158 161 AND
2 1 160 161 244 XOR
1 1 55 162 INV
2 1 161 160 163 AND
2 1 162 163 245 XOR
1 1 56 164 INV
2 1 163 162 165 AND
2 1 164 165 246 XOR
1 1 57 166 INV
2 1 165 164 167 AND
2 1 166 167 247 XOR
1 1 58 168 INV
2 1 167 166 169 AND
2 1 168 169 248 XOR
1 1 59 172 INV
2 1 169 168 173 AND
2 1 172 173 249 XOR
2 1 171 170 195 XOR
1 1 60 174 INV
2 1 173 172 175 AND
2 1 174 175 250 XOR
1 1 61 176 INV
2 1 175 174 177 AND
2 1 176 177 251 XOR
1 1 62 178 INV
2 1 177 176 179 AND
2 1 178 179 252 XOR
1 1 63 181 INV
2 1 179 178 180 AND
2 1 181 180 253 XOR
2 1 183 182 196 XOR
2 1 185 184 197 XOR
2 1 187 186 198 XOR
2 1 189 188 199 XOR


