127 191
1 64 
1 1 

1 1 21 65 INV
1 1 23 64 INV
2 1 65 64 69 AND
1 1 22 67 INV
1 1 20 66 INV
2 1 67 66 68 AND
2 1 69 68 77 AND
1 1 29 71 INV
1 1 31 70 INV
2 1 71 70 75 AND
1 1 30 73 INV
1 1 28 72 INV
2 1 73 72 74 AND
2 1 75 74 76 AND
2 1 77 76 93 AND
1 1 25 79 INV
1 1 27 78 INV
2 1 79 78 83 AND
1 1 26 81 INV
1 1 24 80 INV
2 1 81 80 82 AND
2 1 83 82 91 AND
1 1 17 85 INV
1 1 19 84 INV
2 1 85 84 89 AND
1 1 18 87 INV
1 1 16 86 INV
2 1 87 86 88 AND
2 1 89 88 90 AND
2 1 91 90 92 AND
2 1 93 92 125 AND
1 1 53 95 INV
1 1 55 94 INV
2 1 95 94 99 AND
1 1 54 97 INV
1 1 52 96 INV
2 1 97 96 98 AND
2 1 99 98 107 AND
1 1 61 101 INV
1 1 63 100 INV
2 1 101 100 105 AND
1 1 62 103 INV
1 1 60 102 INV
2 1 103 102 104 AND
2 1 105 104 106 AND
2 1 107 106 123 AND
1 1 57 109 INV
1 1 59 108 INV
2 1 109 108 113 AND
1 1 58 111 INV
1 1 56 110 INV
2 1 111 110 112 AND
2 1 113 112 121 AND
1 1 49 115 INV
1 1 51 114 INV
2 1 115 114 119 AND
1 1 50 117 INV
1 1 48 116 INV
2 1 117 116 118 AND
2 1 119 118 120 AND
2 1 121 120 122 AND
2 1 123 122 124 AND
2 1 125 124 189 AND
1 1 37 127 INV
1 1 39 126 INV
2 1 127 126 131 AND
1 1 38 129 INV
1 1 36 128 INV
2 1 129 128 130 AND
2 1 131 130 139 AND
1 1 45 133 INV
1 1 47 132 INV
2 1 133 132 137 AND
1 1 46 135 INV
1 1 44 134 INV
2 1 135 134 136 AND
2 1 137 136 138 AND
2 1 139 138 155 AND
1 1 41 141 INV
1 1 43 140 INV
2 1 141 140 145 AND
1 1 42 143 INV
1 1 40 142 INV
2 1 143 142 144 AND
2 1 145 144 153 AND
1 1 33 147 INV
1 1 35 146 INV
2 1 147 146 151 AND
1 1 34 149 INV
1 1 32 148 INV
2 1 149 148 150 AND
2 1 151 150 152 AND
2 1 153 152 154 AND
2 1 155 154 187 AND
1 1 5 157 INV
1 1 7 156 INV
2 1 157 156 161 AND
1 1 6 159 INV
1 1 4 158 INV
2 1 159 158 160 AND
2 1 161 160 169 AND
1 1 13 163 INV
1 1 15 162 INV
2 1 163 162 167 AND
1 1 14 165 INV
1 1 12 164 INV
2 1 165 164 166 AND
2 1 167 166 168 AND
2 1 169 168 185 AND
1 1 9 171 INV
1 1 11 170 INV
2 1 171 170 175 AND
1 1 10 173 INV
1 1 8 172 INV
2 1 173 172 174 AND
2 1 175 174 183 AND
1 1 1 177 INV
1 1 3 176 INV
2 1 177 176 181 AND
1 1 2 179 INV
1 1 0 178 INV
2 1 179 178 180 AND
2 1 181 180 182 AND
2 1 183 182 184 AND
2 1 185 184 186 AND
2 1 187 186 188 AND
2 1 189 188 190 AND


