1674 1738
1 64 
1 64

1 1 63 64 INV
1 1 54 65 INV
2 1 54 55 66 XOR
1 1 66 67 INV
2 1 65 67 68 AND
2 1 68 56 69 XOR
1 1 69 70 INV
2 1 65 66 71 AND
2 1 71 54 72 XOR
2 1 70 72 73 AND
2 1 73 68 74 XOR
2 1 74 57 75 XOR
1 1 75 76 INV
2 1 52 53 77 AND
2 1 65 77 78 AND
2 1 67 78 79 AND
2 1 70 79 80 AND
2 1 76 80 81 AND
1 1 81 82 INV
2 1 64 82 83 AND
2 1 83 0 84 XOR
2 1 84 81 85 AND
1 1 61 86 INV
1 1 62 87 INV
2 1 86 87 88 AND
1 1 88 89 INV
1 1 89 90 INV
1 1 59 91 INV
1 1 60 92 INV
2 1 91 92 93 AND
1 1 93 94 INV
1 1 94 95 INV
2 1 90 95 96 AND
1 1 96 97 INV
1 1 97 98 INV
1 1 57 99 INV
1 1 58 100 INV
2 1 99 100 101 AND
1 1 101 102 INV
1 1 102 103 INV
1 1 55 104 INV
1 1 56 105 INV
2 1 104 105 106 AND
1 1 106 107 INV
1 1 107 108 INV
2 1 103 108 109 AND
1 1 109 110 INV
1 1 110 111 INV
2 1 98 111 112 AND
1 1 112 113 INV
1 1 113 114 INV
1 1 53 115 INV
1 1 54 116 INV
2 1 115 116 117 AND
1 1 117 118 INV
1 1 118 119 INV
1 1 51 120 INV
1 1 52 121 INV
2 1 120 121 122 AND
1 1 122 123 INV
1 1 123 124 INV
2 1 119 124 125 AND
1 1 125 126 INV
1 1 126 127 INV
1 1 49 128 INV
1 1 50 129 INV
2 1 128 129 130 AND
1 1 130 131 INV
1 1 131 132 INV
1 1 47 133 INV
1 1 48 134 INV
2 1 133 134 135 AND
1 1 135 136 INV
1 1 136 137 INV
2 1 132 137 138 AND
1 1 138 139 INV
1 1 139 140 INV
2 1 127 140 141 AND
1 1 141 142 INV
1 1 142 143 INV
2 1 114 143 144 AND
1 1 144 145 INV
1 1 145 146 INV
1 1 45 147 INV
1 1 46 148 INV
2 1 147 148 149 AND
1 1 149 150 INV
1 1 150 151 INV
1 1 43 152 INV
1 1 44 153 INV
2 1 152 153 154 AND
1 1 154 155 INV
1 1 155 156 INV
2 1 151 156 157 AND
1 1 157 158 INV
1 1 158 159 INV
1 1 41 160 INV
1 1 42 161 INV
2 1 160 161 162 AND
1 1 162 163 INV
1 1 163 164 INV
1 1 39 165 INV
1 1 40 166 INV
2 1 165 166 167 AND
1 1 167 168 INV
1 1 168 169 INV
2 1 164 169 170 AND
1 1 170 171 INV
1 1 171 172 INV
2 1 159 172 173 AND
1 1 173 174 INV
1 1 174 175 INV
1 1 37 176 INV
1 1 38 177 INV
2 1 176 177 178 AND
1 1 178 179 INV
1 1 179 180 INV
1 1 35 181 INV
1 1 36 182 INV
2 1 181 182 183 AND
1 1 183 184 INV
1 1 184 185 INV
2 1 180 185 186 AND
1 1 186 187 INV
1 1 187 188 INV
1 1 33 189 INV
1 1 34 190 INV
2 1 189 190 191 AND
1 1 191 192 INV
1 1 192 193 INV
1 1 31 194 INV
1 1 32 195 INV
2 1 194 195 196 AND
1 1 196 197 INV
1 1 197 198 INV
2 1 193 198 199 AND
1 1 199 200 INV
1 1 200 201 INV
2 1 188 201 202 AND
1 1 202 203 INV
1 1 203 204 INV
2 1 175 204 205 AND
1 1 205 206 INV
1 1 206 207 INV
2 1 146 207 208 AND
1 1 208 209 INV
1 1 209 210 INV
1 1 29 211 INV
1 1 30 212 INV
2 1 211 212 213 AND
1 1 213 214 INV
1 1 214 215 INV
1 1 27 216 INV
1 1 28 217 INV
2 1 216 217 218 AND
1 1 218 219 INV
1 1 219 220 INV
2 1 215 220 221 AND
1 1 221 222 INV
1 1 222 223 INV
1 1 25 224 INV
1 1 26 225 INV
2 1 224 225 226 AND
1 1 226 227 INV
1 1 227 228 INV
1 1 23 229 INV
1 1 24 230 INV
2 1 229 230 231 AND
1 1 231 232 INV
1 1 232 233 INV
2 1 228 233 234 AND
1 1 234 235 INV
1 1 235 236 INV
2 1 223 236 237 AND
1 1 237 238 INV
1 1 238 239 INV
1 1 21 240 INV
1 1 22 241 INV
2 1 240 241 242 AND
1 1 242 243 INV
1 1 243 244 INV
1 1 19 245 INV
1 1 20 246 INV
2 1 245 246 247 AND
1 1 247 248 INV
1 1 248 249 INV
2 1 244 249 250 AND
1 1 250 251 INV
1 1 251 252 INV
1 1 17 253 INV
1 1 18 254 INV
2 1 253 254 255 AND
1 1 255 256 INV
1 1 256 257 INV
1 1 15 258 INV
1 1 16 259 INV
2 1 258 259 260 AND
1 1 260 261 INV
1 1 261 262 INV
2 1 257 262 263 AND
1 1 263 264 INV
1 1 264 265 INV
2 1 252 265 266 AND
1 1 266 267 INV
1 1 267 268 INV
2 1 239 268 269 AND
1 1 269 270 INV
1 1 270 271 INV
1 1 13 272 INV
1 1 14 273 INV
2 1 272 273 274 AND
1 1 274 275 INV
1 1 275 276 INV
1 1 11 277 INV
1 1 12 278 INV
2 1 277 278 279 AND
1 1 279 280 INV
1 1 280 281 INV
2 1 276 281 282 AND
1 1 282 283 INV
1 1 283 284 INV
1 1 9 285 INV
1 1 10 286 INV
2 1 285 286 287 AND
1 1 287 288 INV
1 1 288 289 INV
1 1 7 290 INV
1 1 8 291 INV
2 1 290 291 292 AND
1 1 292 293 INV
1 1 293 294 INV
2 1 289 294 295 AND
1 1 295 296 INV
1 1 296 297 INV
2 1 284 297 298 AND
1 1 298 299 INV
1 1 299 300 INV
1 1 5 301 INV
1 1 6 302 INV
2 1 301 302 303 AND
1 1 303 304 INV
1 1 304 305 INV
1 1 3 306 INV
1 1 4 307 INV
2 1 306 307 308 AND
1 1 308 309 INV
1 1 309 310 INV
2 1 305 310 311 AND
1 1 311 312 INV
1 1 312 313 INV
1 1 1 314 INV
1 1 2 315 INV
2 1 314 315 316 AND
1 1 316 317 INV
1 1 317 318 INV
1 1 0 319 INV
2 1 318 319 320 AND
1 1 320 321 INV
1 1 321 322 INV
2 1 313 322 323 AND
1 1 323 324 INV
1 1 324 325 INV
2 1 300 325 326 AND
1 1 326 327 INV
1 1 327 328 INV
2 1 271 328 329 AND
1 1 329 330 INV
1 1 330 331 INV
2 1 210 331 332 AND
1 1 332 333 INV
2 1 58 59 334 AND
2 1 56 57 335 AND
2 1 334 335 336 AND
2 1 54 55 337 AND
2 1 77 337 338 AND
2 1 336 338 339 AND
2 1 339 60 340 XOR
1 1 340 341 INV
2 1 341 339 342 AND
2 1 342 61 343 XOR
1 1 343 344 INV
2 1 344 342 345 AND
2 1 345 62 346 XOR
1 1 345 347 INV
2 1 346 347 348 AND
2 1 348 345 349 XOR
1 1 349 350 INV
2 1 333 350 351 AND
1 1 351 352 INV
2 1 85 352 353 AND
2 1 353 0 354 XOR
2 1 77 54 355 XOR
1 1 77 356 INV
2 1 355 356 357 AND
2 1 357 77 358 XOR
2 1 358 55 359 XOR
1 1 358 360 INV
2 1 359 360 361 AND
2 1 361 358 362 XOR
2 1 362 56 363 XOR
1 1 363 364 INV
2 1 362 364 365 AND
2 1 365 57 366 XOR
1 1 366 367 INV
2 1 367 365 368 AND
2 1 368 58 369 XOR
1 1 368 370 INV
2 1 369 370 371 AND
2 1 371 368 372 XOR
2 1 372 59 373 XOR
1 1 372 374 INV
2 1 373 374 375 AND
2 1 375 372 376 XOR
2 1 376 60 377 XOR
1 1 376 378 INV
2 1 377 378 379 AND
2 1 379 376 380 XOR
2 1 380 61 381 XOR
1 1 380 382 INV
2 1 381 382 383 AND
2 1 383 380 384 XOR
2 1 384 62 385 XOR
1 1 385 386 INV
2 1 384 386 387 AND
1 1 50 388 INV
1 1 51 389 INV
2 1 388 389 390 AND
1 1 390 391 INV
1 1 391 392 INV
1 1 48 393 INV
1 1 49 394 INV
2 1 393 394 395 AND
1 1 395 396 INV
1 1 396 397 INV
2 1 392 397 398 AND
1 1 398 399 INV
1 1 399 400 INV
1 1 46 401 INV
1 1 47 402 INV
2 1 401 402 403 AND
1 1 403 404 INV
1 1 404 405 INV
1 1 44 406 INV
1 1 45 407 INV
2 1 406 407 408 AND
1 1 408 409 INV
1 1 409 410 INV
2 1 405 410 411 AND
1 1 411 412 INV
1 1 412 413 INV
1 1 42 414 INV
1 1 43 415 INV
2 1 414 415 416 AND
1 1 416 417 INV
1 1 417 418 INV
1 1 40 419 INV
1 1 41 420 INV
2 1 419 420 421 AND
1 1 421 422 INV
1 1 422 423 INV
2 1 418 423 424 AND
1 1 424 425 INV
1 1 425 426 INV
2 1 413 426 427 AND
1 1 427 428 INV
1 1 428 429 INV
1 1 38 430 INV
1 1 39 431 INV
2 1 430 431 432 AND
1 1 432 433 INV
1 1 433 434 INV
1 1 36 435 INV
1 1 37 436 INV
2 1 435 436 437 AND
1 1 437 438 INV
1 1 438 439 INV
2 1 434 439 440 AND
1 1 440 441 INV
1 1 441 442 INV
1 1 34 443 INV
1 1 35 444 INV
2 1 443 444 445 AND
1 1 445 446 INV
1 1 446 447 INV
1 1 32 448 INV
1 1 33 449 INV
2 1 448 449 450 AND
1 1 450 451 INV
1 1 451 452 INV
2 1 447 452 453 AND
1 1 453 454 INV
1 1 454 455 INV
2 1 442 455 456 AND
1 1 456 457 INV
1 1 457 458 INV
2 1 429 458 459 AND
1 1 459 460 INV
1 1 460 461 INV
2 1 400 461 462 AND
1 1 462 463 INV
1 1 463 464 INV
1 1 30 465 INV
1 1 31 466 INV
2 1 465 466 467 AND
1 1 467 468 INV
1 1 468 469 INV
1 1 28 470 INV
1 1 29 471 INV
2 1 470 471 472 AND
1 1 472 473 INV
1 1 473 474 INV
2 1 469 474 475 AND
1 1 475 476 INV
1 1 476 477 INV
1 1 26 478 INV
1 1 27 479 INV
2 1 478 479 480 AND
1 1 480 481 INV
1 1 481 482 INV
1 1 24 483 INV
1 1 25 484 INV
2 1 483 484 485 AND
1 1 485 486 INV
1 1 486 487 INV
2 1 482 487 488 AND
1 1 488 489 INV
1 1 489 490 INV
2 1 477 490 491 AND
1 1 491 492 INV
1 1 492 493 INV
1 1 22 494 INV
1 1 23 495 INV
2 1 494 495 496 AND
1 1 496 497 INV
1 1 497 498 INV
1 1 20 499 INV
1 1 21 500 INV
2 1 499 500 501 AND
1 1 501 502 INV
1 1 502 503 INV
2 1 498 503 504 AND
1 1 504 505 INV
1 1 505 506 INV
1 1 18 507 INV
1 1 19 508 INV
2 1 507 508 509 AND
1 1 509 510 INV
1 1 510 511 INV
1 1 16 512 INV
1 1 17 513 INV
2 1 512 513 514 AND
1 1 514 515 INV
1 1 515 516 INV
2 1 511 516 517 AND
1 1 517 518 INV
1 1 518 519 INV
2 1 506 519 520 AND
1 1 520 521 INV
1 1 521 522 INV
2 1 493 522 523 AND
1 1 523 524 INV
1 1 524 525 INV
1 1 14 526 INV
1 1 15 527 INV
2 1 526 527 528 AND
1 1 528 529 INV
1 1 529 530 INV
1 1 12 531 INV
1 1 13 532 INV
2 1 531 532 533 AND
1 1 533 534 INV
1 1 534 535 INV
2 1 530 535 536 AND
1 1 536 537 INV
1 1 537 538 INV
1 1 10 539 INV
1 1 11 540 INV
2 1 539 540 541 AND
1 1 541 542 INV
1 1 542 543 INV
1 1 8 544 INV
1 1 9 545 INV
2 1 544 545 546 AND
1 1 546 547 INV
1 1 547 548 INV
2 1 543 548 549 AND
1 1 549 550 INV
1 1 550 551 INV
2 1 538 551 552 AND
1 1 552 553 INV
1 1 553 554 INV
1 1 6 555 INV
1 1 7 556 INV
2 1 555 556 557 AND
1 1 557 558 INV
1 1 558 559 INV
1 1 4 560 INV
1 1 5 561 INV
2 1 560 561 562 AND
1 1 562 563 INV
1 1 563 564 INV
2 1 559 564 565 AND
1 1 565 566 INV
1 1 566 567 INV
1 1 2 568 INV
1 1 3 569 INV
2 1 568 569 570 AND
1 1 570 571 INV
1 1 571 572 INV
1 1 0 573 INV
1 1 1 574 INV
2 1 573 574 575 AND
1 1 575 576 INV
1 1 576 577 INV
2 1 572 577 578 AND
1 1 578 579 INV
1 1 579 580 INV
2 1 567 580 581 AND
1 1 581 582 INV
1 1 582 583 INV
2 1 554 583 584 AND
1 1 584 585 INV
1 1 585 586 INV
2 1 525 586 587 AND
1 1 587 588 INV
1 1 588 589 INV
2 1 464 589 590 AND
1 1 590 591 INV
2 1 60 61 592 AND
2 1 592 62 593 AND
2 1 593 339 594 AND
2 1 591 594 595 AND
1 1 595 596 INV
2 1 387 596 597 AND
2 1 354 597 598 AND
2 1 598 353 599 XOR
2 1 599 0 600 XOR
2 1 600 595 601 AND
2 1 599 601 1674 XOR
2 1 82 0 602 AND
2 1 65 53 603 AND
2 1 67 603 604 AND
2 1 70 604 605 AND
2 1 76 605 606 AND
2 1 602 606 607 XOR
1 1 607 608 INV
2 1 64 608 609 AND
2 1 609 1 610 XOR
2 1 610 606 611 AND
2 1 611 352 612 AND
2 1 612 1 613 XOR
2 1 597 613 614 AND
2 1 614 612 615 XOR
2 1 615 1 616 XOR
2 1 616 595 617 AND
2 1 615 617 1675 XOR
2 1 602 1 618 XOR
2 1 618 608 619 AND
2 1 602 619 620 XOR
1 1 53 621 INV
2 1 621 52 622 AND
2 1 622 53 623 XOR
2 1 65 623 624 AND
2 1 67 624 625 AND
2 1 70 625 626 AND
2 1 76 626 627 AND
2 1 620 627 628 XOR
1 1 628 629 INV
2 1 64 629 630 AND
2 1 630 2 631 XOR
2 1 631 627 632 AND
2 1 632 352 633 AND
2 1 633 2 634 XOR
2 1 597 634 635 AND
2 1 635 633 636 XOR
2 1 636 2 637 XOR
2 1 637 595 638 AND
2 1 636 638 1676 XOR
2 1 620 2 639 XOR
2 1 639 629 640 AND
2 1 620 640 641 XOR
2 1 70 68 642 AND
2 1 76 642 643 AND
2 1 641 643 644 XOR
1 1 644 645 INV
2 1 64 645 646 AND
2 1 646 3 647 XOR
2 1 647 643 648 AND
2 1 648 352 649 AND
2 1 649 3 650 XOR
2 1 597 650 651 AND
2 1 651 649 652 XOR
2 1 652 3 653 XOR
2 1 653 595 654 AND
2 1 652 654 1677 XOR
2 1 641 3 655 XOR
2 1 655 645 656 AND
2 1 641 656 657 XOR
2 1 68 338 658 XOR
2 1 70 658 659 AND
2 1 76 659 660 AND
2 1 657 660 661 XOR
1 1 661 662 INV
2 1 64 662 663 AND
2 1 663 4 664 XOR
2 1 664 660 665 AND
2 1 665 352 666 AND
2 1 666 4 667 XOR
2 1 597 667 668 AND
2 1 668 666 669 XOR
2 1 669 4 670 XOR
2 1 670 595 671 AND
2 1 669 671 1678 XOR
2 1 657 4 672 XOR
2 1 672 662 673 AND
2 1 657 673 674 XOR
1 1 52 675 INV
2 1 675 53 676 AND
2 1 676 54 677 AND
2 1 677 67 678 AND
2 1 678 658 679 XOR
2 1 70 679 680 AND
2 1 76 680 681 AND
2 1 674 681 682 XOR
1 1 682 683 INV
2 1 64 683 684 AND
2 1 684 5 685 XOR
2 1 685 681 686 AND
2 1 686 352 687 AND
2 1 687 5 688 XOR
2 1 597 688 689 AND
2 1 689 687 690 XOR
2 1 690 5 691 XOR
2 1 691 595 692 AND
2 1 690 692 1679 XOR
2 1 674 5 693 XOR
2 1 693 683 694 AND
2 1 674 694 695 XOR
2 1 622 54 696 AND
2 1 696 67 697 AND
2 1 697 679 698 XOR
2 1 70 698 699 AND
2 1 76 699 700 AND
2 1 695 700 701 XOR
1 1 701 702 INV
2 1 64 702 703 AND
2 1 703 6 704 XOR
2 1 704 700 705 AND
2 1 705 352 706 AND
2 1 706 6 707 XOR
2 1 597 707 708 AND
2 1 708 706 709 XOR
2 1 709 6 710 XOR
2 1 710 595 711 AND
2 1 709 711 1680 XOR
2 1 695 6 712 XOR
2 1 712 702 713 AND
2 1 695 713 714 XOR
2 1 70 67 715 AND
2 1 76 715 716 AND
2 1 714 716 717 XOR
1 1 717 718 INV
2 1 64 718 719 AND
2 1 719 7 720 XOR
2 1 720 716 721 AND
2 1 721 352 722 AND
2 1 722 7 723 XOR
2 1 597 723 724 AND
2 1 724 722 725 XOR
2 1 725 7 726 XOR
2 1 726 595 727 AND
2 1 725 727 1681 XOR
2 1 714 7 728 XOR
2 1 728 718 729 AND
2 1 714 729 730 XOR
2 1 78 66 731 AND
2 1 731 67 732 XOR
2 1 70 732 733 AND
2 1 76 733 734 AND
2 1 730 734 735 XOR
1 1 735 736 INV
2 1 64 736 737 AND
2 1 737 8 738 XOR
2 1 738 734 739 AND
2 1 739 352 740 AND
2 1 740 8 741 XOR
2 1 597 741 742 AND
2 1 742 740 743 XOR
2 1 743 8 744 XOR
2 1 744 595 745 AND
2 1 743 745 1682 XOR
2 1 730 8 746 XOR
2 1 746 736 747 AND
2 1 730 747 748 XOR
2 1 65 676 749 AND
2 1 749 66 750 AND
2 1 750 732 751 XOR
2 1 70 751 752 AND
2 1 76 752 753 AND
2 1 748 753 754 XOR
1 1 754 755 INV
2 1 64 755 756 AND
2 1 756 9 757 XOR
2 1 757 753 758 AND
2 1 758 352 759 AND
2 1 759 9 760 XOR
2 1 597 760 761 AND
2 1 761 759 762 XOR
2 1 762 9 763 XOR
2 1 763 595 764 AND
2 1 762 764 1683 XOR
2 1 748 9 765 XOR
2 1 765 755 766 AND
2 1 748 766 767 XOR
2 1 622 65 768 AND
2 1 768 66 769 AND
2 1 769 751 770 XOR
2 1 70 770 771 AND
2 1 76 771 772 AND
2 1 767 772 773 XOR
1 1 773 774 INV
2 1 64 774 775 AND
2 1 775 10 776 XOR
2 1 776 772 777 AND
2 1 777 352 778 AND
2 1 778 10 779 XOR
2 1 597 779 780 AND
2 1 780 778 781 XOR
2 1 781 10 782 XOR
2 1 782 595 783 AND
2 1 781 783 1684 XOR
2 1 767 10 784 XOR
2 1 784 774 785 AND
2 1 767 785 786 XOR
2 1 621 675 787 AND
2 1 65 787 788 AND
2 1 788 66 789 AND
2 1 789 770 790 XOR
2 1 70 790 791 AND
2 1 76 791 792 AND
2 1 786 792 793 XOR
1 1 793 794 INV
2 1 64 794 795 AND
2 1 795 11 796 XOR
2 1 796 792 797 AND
2 1 797 352 798 AND
2 1 798 11 799 XOR
2 1 597 799 800 AND
2 1 800 798 801 XOR
2 1 801 11 802 XOR
2 1 802 595 803 AND
2 1 801 803 1685 XOR
2 1 786 11 804 XOR
2 1 804 794 805 AND
2 1 786 805 806 XOR
2 1 77 54 807 AND
2 1 807 66 808 AND
2 1 808 790 809 XOR
2 1 70 809 810 AND
2 1 76 810 811 AND
2 1 806 811 812 XOR
1 1 812 813 INV
2 1 64 813 814 AND
2 1 814 12 815 XOR
2 1 815 811 816 AND
2 1 816 352 817 AND
2 1 817 12 818 XOR
2 1 597 818 819 AND
2 1 819 817 820 XOR
2 1 820 12 821 XOR
2 1 821 595 822 AND
2 1 820 822 1686 XOR
2 1 806 12 823 XOR
2 1 823 813 824 AND
2 1 806 824 825 XOR
2 1 677 66 826 AND
2 1 826 809 827 XOR
2 1 70 827 828 AND
2 1 76 828 829 AND
2 1 825 829 830 XOR
1 1 830 831 INV
2 1 64 831 832 AND
2 1 832 13 833 XOR
2 1 833 829 834 AND
2 1 834 352 835 AND
2 1 835 13 836 XOR
2 1 597 836 837 AND
2 1 837 835 838 XOR
2 1 838 13 839 XOR
2 1 839 595 840 AND
2 1 838 840 1687 XOR
2 1 825 13 841 XOR
2 1 841 831 842 AND
2 1 825 842 843 XOR
2 1 696 66 844 AND
2 1 844 827 845 XOR
2 1 70 845 846 AND
2 1 76 846 847 AND
2 1 843 847 848 XOR
1 1 848 849 INV
2 1 64 849 850 AND
2 1 850 14 851 XOR
2 1 851 847 852 AND
2 1 852 352 853 AND
2 1 853 14 854 XOR
2 1 597 854 855 AND
2 1 855 853 856 XOR
2 1 856 14 857 XOR
2 1 857 595 858 AND
2 1 856 858 1688 XOR
2 1 843 14 859 XOR
2 1 859 849 860 AND
2 1 843 860 861 XOR
2 1 76 70 862 AND
2 1 861 862 863 XOR
1 1 863 864 INV
2 1 64 864 865 AND
2 1 865 15 866 XOR
2 1 866 862 867 AND
2 1 867 352 868 AND
2 1 868 15 869 XOR
2 1 597 869 870 AND
2 1 870 868 871 XOR
2 1 871 15 872 XOR
2 1 872 595 873 AND
2 1 871 873 1689 XOR
2 1 861 15 874 XOR
2 1 874 864 875 AND
2 1 861 875 876 XOR
2 1 79 69 877 AND
2 1 877 70 878 XOR
2 1 76 878 879 AND
2 1 876 879 880 XOR
1 1 880 881 INV
2 1 64 881 882 AND
2 1 882 16 883 XOR
2 1 883 879 884 AND
2 1 884 352 885 AND
2 1 885 16 886 XOR
2 1 597 886 887 AND
2 1 887 885 888 XOR
2 1 888 16 889 XOR
2 1 889 595 890 AND
2 1 888 890 1690 XOR
2 1 876 16 891 XOR
2 1 891 881 892 AND
2 1 876 892 893 XOR
2 1 67 749 894 AND
2 1 894 69 895 AND
2 1 895 878 896 XOR
2 1 76 896 897 AND
2 1 893 897 898 XOR
1 1 898 899 INV
2 1 64 899 900 AND
2 1 900 17 901 XOR
2 1 901 897 902 AND
2 1 902 352 903 AND
2 1 903 17 904 XOR
2 1 597 904 905 AND
2 1 905 903 906 XOR
2 1 906 17 907 XOR
2 1 907 595 908 AND
2 1 906 908 1691 XOR
2 1 893 17 909 XOR
2 1 909 899 910 AND
2 1 893 910 911 XOR
2 1 67 768 912 AND
2 1 69 912 913 AND
2 1 913 896 914 XOR
2 1 76 914 915 AND
2 1 911 915 916 XOR
1 1 916 917 INV
2 1 64 917 918 AND
2 1 918 18 919 XOR
2 1 919 915 920 AND
2 1 920 352 921 AND
2 1 921 18 922 XOR
2 1 597 922 923 AND
2 1 923 921 924 XOR
2 1 924 18 925 XOR
2 1 925 595 926 AND
2 1 924 926 1692 XOR
2 1 911 18 927 XOR
2 1 927 917 928 AND
2 1 911 928 929 XOR
2 1 74 76 930 AND
2 1 929 930 931 XOR
1 1 931 932 INV
2 1 64 932 933 AND
2 1 933 19 934 XOR
2 1 934 930 935 AND
2 1 935 352 936 AND
2 1 936 19 937 XOR
2 1 597 937 938 AND
2 1 938 936 939 XOR
2 1 939 19 940 XOR
2 1 940 595 941 AND
2 1 939 941 1693 XOR
2 1 929 19 942 XOR
2 1 942 932 943 AND
2 1 929 943 944 XOR
2 1 69 338 945 AND
2 1 74 945 946 XOR
2 1 76 946 947 AND
2 1 944 947 948 XOR
1 1 948 949 INV
2 1 64 949 950 AND
2 1 950 20 951 XOR
2 1 951 947 952 AND
2 1 952 352 953 AND
2 1 953 20 954 XOR
2 1 597 954 955 AND
2 1 955 953 956 XOR
2 1 956 20 957 XOR
2 1 957 595 958 AND
2 1 956 958 1694 XOR
2 1 944 20 959 XOR
2 1 959 949 960 AND
2 1 944 960 961 XOR
2 1 678 69 962 AND
2 1 962 946 963 XOR
2 1 76 963 964 AND
2 1 961 964 965 XOR
1 1 965 966 INV
2 1 64 966 967 AND
2 1 967 21 968 XOR
2 1 968 964 969 AND
2 1 969 352 970 AND
2 1 970 21 971 XOR
2 1 597 971 972 AND
2 1 972 970 973 XOR
2 1 973 21 974 XOR
2 1 974 595 975 AND
2 1 973 975 1695 XOR
2 1 961 21 976 XOR
2 1 976 966 977 AND
2 1 961 977 978 XOR
2 1 69 697 979 AND
2 1 979 963 980 XOR
2 1 76 980 981 AND
2 1 978 981 982 XOR
1 1 982 983 INV
2 1 64 983 984 AND
2 1 984 22 985 XOR
2 1 985 981 986 AND
2 1 986 352 987 AND
2 1 987 22 988 XOR
2 1 597 988 989 AND
2 1 989 987 990 XOR
2 1 990 22 991 XOR
2 1 991 595 992 AND
2 1 990 992 1696 XOR
2 1 978 22 993 XOR
2 1 993 983 994 AND
2 1 978 994 995 XOR
2 1 787 54 996 AND
2 1 996 67 997 AND
2 1 69 997 998 AND
2 1 998 980 999 XOR
2 1 76 999 1000 AND
2 1 995 1000 1001 XOR
1 1 1001 1002 INV
2 1 64 1002 1003 AND
2 1 1003 23 1004 XOR
2 1 1004 1000 1005 AND
2 1 1005 352 1006 AND
2 1 1006 23 1007 XOR
2 1 597 1007 1008 AND
2 1 1008 1006 1009 XOR
2 1 1009 23 1010 XOR
2 1 1010 595 1011 AND
2 1 1009 1011 1697 XOR
2 1 995 23 1012 XOR
2 1 1012 1002 1013 AND
2 1 995 1013 1014 XOR
2 1 731 69 1015 AND
2 1 1015 999 1016 XOR
2 1 76 1016 1017 AND
2 1 1014 1017 1018 XOR
1 1 1018 1019 INV
2 1 64 1019 1020 AND
2 1 1020 24 1021 XOR
2 1 1021 1017 1022 AND
2 1 1022 352 1023 AND
2 1 1023 24 1024 XOR
2 1 597 1024 1025 AND
2 1 1025 1023 1026 XOR
2 1 1026 24 1027 XOR
2 1 1027 595 1028 AND
2 1 1026 1028 1698 XOR
2 1 1014 24 1029 XOR
2 1 1029 1019 1030 AND
2 1 1014 1030 1031 XOR
2 1 750 69 1032 AND
2 1 1032 1016 1033 XOR
2 1 76 1033 1034 AND
2 1 1031 1034 1035 XOR
1 1 1035 1036 INV
2 1 64 1036 1037 AND
2 1 1037 25 1038 XOR
2 1 1038 1034 1039 AND
2 1 1039 352 1040 AND
2 1 1040 25 1041 XOR
2 1 597 1041 1042 AND
2 1 1042 1040 1043 XOR
2 1 1043 25 1044 XOR
2 1 1044 595 1045 AND
2 1 1043 1045 1699 XOR
2 1 1031 25 1046 XOR
2 1 1046 1036 1047 AND
2 1 1031 1047 1048 XOR
2 1 769 69 1049 AND
2 1 1049 1033 1050 XOR
2 1 76 1050 1051 AND
2 1 1048 1051 1052 XOR
1 1 1052 1053 INV
2 1 64 1053 1054 AND
2 1 1054 26 1055 XOR
2 1 1055 1051 1056 AND
2 1 1056 352 1057 AND
2 1 1057 26 1058 XOR
2 1 597 1058 1059 AND
2 1 1059 1057 1060 XOR
2 1 1060 26 1061 XOR
2 1 1061 595 1062 AND
2 1 1060 1062 1700 XOR
2 1 1048 26 1063 XOR
2 1 1063 1053 1064 AND
2 1 1048 1064 1065 XOR
2 1 789 69 1066 AND
2 1 1066 1050 1067 XOR
2 1 76 1067 1068 AND
2 1 1065 1068 1069 XOR
1 1 1069 1070 INV
2 1 64 1070 1071 AND
2 1 1071 27 1072 XOR
2 1 1072 1068 1073 AND
2 1 1073 352 1074 AND
2 1 1074 27 1075 XOR
2 1 597 1075 1076 AND
2 1 1076 1074 1077 XOR
2 1 1077 27 1078 XOR
2 1 1078 595 1079 AND
2 1 1077 1079 1701 XOR
2 1 1065 27 1080 XOR
2 1 1080 1070 1081 AND
2 1 1065 1081 1082 XOR
2 1 808 69 1083 AND
2 1 1083 1067 1084 XOR
2 1 76 1084 1085 AND
2 1 1082 1085 1086 XOR
1 1 1086 1087 INV
2 1 64 1087 1088 AND
2 1 1088 28 1089 XOR
2 1 1089 1085 1090 AND
2 1 1090 352 1091 AND
2 1 1091 28 1092 XOR
2 1 597 1092 1093 AND
2 1 1093 1091 1094 XOR
2 1 1094 28 1095 XOR
2 1 1095 595 1096 AND
2 1 1094 1096 1702 XOR
2 1 1082 28 1097 XOR
2 1 1097 1087 1098 AND
2 1 1082 1098 1099 XOR
2 1 826 69 1100 AND
2 1 1100 1084 1101 XOR
2 1 76 1101 1102 AND
2 1 1099 1102 1103 XOR
1 1 1103 1104 INV
2 1 64 1104 1105 AND
2 1 1105 29 1106 XOR
2 1 1106 1102 1107 AND
2 1 1107 352 1108 AND
2 1 1108 29 1109 XOR
2 1 597 1109 1110 AND
2 1 1110 1108 1111 XOR
2 1 1111 29 1112 XOR
2 1 1112 595 1113 AND
2 1 1111 1113 1703 XOR
2 1 1099 29 1114 XOR
2 1 1114 1104 1115 AND
2 1 1099 1115 1116 XOR
2 1 844 69 1117 AND
2 1 1117 1101 1118 XOR
2 1 76 1118 1119 AND
2 1 1116 1119 1120 XOR
1 1 1120 1121 INV
2 1 64 1121 1122 AND
2 1 1122 30 1123 XOR
2 1 1123 1119 1124 AND
2 1 1124 352 1125 AND
2 1 1125 30 1126 XOR
2 1 597 1126 1127 AND
2 1 1127 1125 1128 XOR
2 1 1128 30 1129 XOR
2 1 1129 595 1130 AND
2 1 1128 1130 1704 XOR
2 1 1116 30 1131 XOR
2 1 1131 1121 1132 AND
2 1 1116 1132 1133 XOR
2 1 1133 75 1134 XOR
2 1 64 1134 1135 AND
2 1 1135 31 1136 XOR
2 1 1136 76 1137 AND
2 1 1137 352 1138 AND
2 1 1138 31 1139 XOR
2 1 597 1139 1140 AND
2 1 1140 1138 1141 XOR
2 1 1141 31 1142 XOR
2 1 1142 595 1143 AND
2 1 1141 1143 1705 XOR
2 1 1133 31 1144 XOR
2 1 1144 1134 1145 AND
2 1 1133 1145 1146 XOR
1 1 80 1147 INV
2 1 75 1147 1148 AND
2 1 1146 1148 1149 XOR
2 1 64 1149 1150 AND
2 1 1150 32 1151 XOR
1 1 1148 1152 INV
2 1 1151 1152 1153 AND
2 1 1153 352 1154 AND
2 1 1154 32 1155 XOR
2 1 597 1155 1156 AND
2 1 1156 1154 1157 XOR
2 1 1157 32 1158 XOR
2 1 1158 595 1159 AND
2 1 1157 1159 1706 XOR
2 1 70 894 1160 AND
2 1 75 1160 1161 AND
2 1 1161 1152 1162 XOR
2 1 1146 32 1163 XOR
2 1 1163 1149 1164 AND
2 1 1146 1164 1165 XOR
2 1 1162 1165 1166 XOR
1 1 1166 1167 INV
2 1 64 1167 1168 AND
2 1 1168 33 1169 XOR
2 1 1162 1169 1170 AND
2 1 1170 352 1171 AND
2 1 1171 33 1172 XOR
2 1 597 1172 1173 AND
2 1 1173 1171 1174 XOR
2 1 1174 33 1175 XOR
2 1 1175 595 1176 AND
2 1 1174 1176 1707 XOR
2 1 70 912 1177 AND
2 1 75 1177 1178 AND
2 1 1162 1178 1179 XOR
2 1 1165 33 1180 XOR
2 1 1180 1167 1181 AND
2 1 1165 1181 1182 XOR
2 1 1179 1182 1183 XOR
1 1 1183 1184 INV
2 1 64 1184 1185 AND
2 1 1185 34 1186 XOR
2 1 1179 1186 1187 AND
2 1 1187 352 1188 AND
2 1 1188 34 1189 XOR
2 1 597 1189 1190 AND
2 1 1190 1188 1191 XOR
2 1 1191 34 1192 XOR
2 1 1192 595 1193 AND
2 1 1191 1193 1708 XOR
2 1 67 788 1194 AND
2 1 70 1194 1195 AND
2 1 75 1195 1196 AND
2 1 1196 1179 1197 XOR
2 1 1182 34 1198 XOR
2 1 1198 1184 1199 AND
2 1 1182 1199 1200 XOR
2 1 1197 1200 1201 XOR
1 1 1201 1202 INV
2 1 64 1202 1203 AND
2 1 1203 35 1204 XOR
2 1 1197 1204 1205 AND
2 1 1205 352 1206 AND
2 1 1206 35 1207 XOR
2 1 597 1207 1208 AND
2 1 1208 1206 1209 XOR
2 1 1209 35 1210 XOR
2 1 1210 595 1211 AND
2 1 1209 1211 1709 XOR
2 1 70 338 1212 AND
2 1 75 1212 1213 AND
2 1 1197 1213 1214 XOR
2 1 1200 35 1215 XOR
2 1 1215 1202 1216 AND
2 1 1200 1216 1217 XOR
2 1 1214 1217 1218 XOR
1 1 1218 1219 INV
2 1 64 1219 1220 AND
2 1 1220 36 1221 XOR
2 1 1214 1221 1222 AND
2 1 1222 352 1223 AND
2 1 1223 36 1224 XOR
2 1 597 1224 1225 AND
2 1 1225 1223 1226 XOR
2 1 1226 36 1227 XOR
2 1 1227 595 1228 AND
2 1 1226 1228 1710 XOR
2 1 70 678 1229 AND
2 1 75 1229 1230 AND
2 1 1230 1214 1231 XOR
2 1 1217 36 1232 XOR
2 1 1232 1219 1233 AND
2 1 1217 1233 1234 XOR
2 1 1231 1234 1235 XOR
1 1 1235 1236 INV
2 1 64 1236 1237 AND
2 1 1237 37 1238 XOR
2 1 1231 1238 1239 AND
2 1 1239 352 1240 AND
2 1 1240 37 1241 XOR
2 1 597 1241 1242 AND
2 1 1242 1240 1243 XOR
2 1 1243 37 1244 XOR
2 1 1244 595 1245 AND
2 1 1243 1245 1711 XOR
2 1 70 697 1246 AND
2 1 75 1246 1247 AND
2 1 1231 1247 1248 XOR
2 1 1234 37 1249 XOR
2 1 1249 1236 1250 AND
2 1 1234 1250 1251 XOR
2 1 1248 1251 1252 XOR
1 1 1252 1253 INV
2 1 64 1253 1254 AND
2 1 1254 38 1255 XOR
2 1 1248 1255 1256 AND
2 1 1256 352 1257 AND
2 1 1257 38 1258 XOR
2 1 597 1258 1259 AND
2 1 1259 1257 1260 XOR
2 1 1260 38 1261 XOR
2 1 1261 595 1262 AND
2 1 1260 1262 1712 XOR
2 1 70 997 1263 AND
2 1 75 1263 1264 AND
2 1 1264 1248 1265 XOR
2 1 1251 38 1266 XOR
2 1 1266 1253 1267 AND
2 1 1251 1267 1268 XOR
2 1 1265 1268 1269 XOR
1 1 1269 1270 INV
2 1 64 1270 1271 AND
2 1 1271 39 1272 XOR
2 1 1265 1272 1273 AND
2 1 1273 352 1274 AND
2 1 1274 39 1275 XOR
2 1 597 1275 1276 AND
2 1 1276 1274 1277 XOR
2 1 1277 39 1278 XOR
2 1 1278 595 1279 AND
2 1 1277 1279 1713 XOR
2 1 731 70 1280 AND
2 1 75 1280 1281 AND
2 1 1265 1281 1282 XOR
2 1 1268 39 1283 XOR
2 1 1283 1270 1284 AND
2 1 1268 1284 1285 XOR
2 1 1282 1285 1286 XOR
1 1 1286 1287 INV
2 1 64 1287 1288 AND
2 1 1288 40 1289 XOR
2 1 1282 1289 1290 AND
2 1 1290 352 1291 AND
2 1 1291 40 1292 XOR
2 1 597 1292 1293 AND
2 1 1293 1291 1294 XOR
2 1 1294 40 1295 XOR
2 1 1295 595 1296 AND
2 1 1294 1296 1714 XOR
2 1 750 70 1297 AND
2 1 75 1297 1298 AND
2 1 1298 1282 1299 XOR
2 1 1285 40 1300 XOR
2 1 1300 1287 1301 AND
2 1 1285 1301 1302 XOR
2 1 1299 1302 1303 XOR
1 1 1303 1304 INV
2 1 64 1304 1305 AND
2 1 1305 41 1306 XOR
2 1 1299 1306 1307 AND
2 1 1307 352 1308 AND
2 1 1308 41 1309 XOR
2 1 597 1309 1310 AND
2 1 1310 1308 1311 XOR
2 1 1311 41 1312 XOR
2 1 1312 595 1313 AND
2 1 1311 1313 1715 XOR
2 1 769 70 1314 AND
2 1 75 1314 1315 AND
2 1 1315 1299 1316 XOR
2 1 1302 41 1317 XOR
2 1 1317 1304 1318 AND
2 1 1302 1318 1319 XOR
2 1 1316 1319 1320 XOR
1 1 1320 1321 INV
2 1 64 1321 1322 AND
2 1 1322 42 1323 XOR
2 1 1316 1323 1324 AND
2 1 1324 352 1325 AND
2 1 1325 42 1326 XOR
2 1 597 1326 1327 AND
2 1 1327 1325 1328 XOR
2 1 1328 42 1329 XOR
2 1 1329 595 1330 AND
2 1 1328 1330 1716 XOR
2 1 789 70 1331 AND
2 1 75 1331 1332 AND
2 1 1332 1316 1333 XOR
2 1 1319 42 1334 XOR
2 1 1334 1321 1335 AND
2 1 1319 1335 1336 XOR
2 1 1333 1336 1337 XOR
1 1 1337 1338 INV
2 1 64 1338 1339 AND
2 1 1339 43 1340 XOR
2 1 1333 1340 1341 AND
2 1 1341 352 1342 AND
2 1 1342 43 1343 XOR
2 1 597 1343 1344 AND
2 1 1344 1342 1345 XOR
2 1 1345 43 1346 XOR
2 1 1346 595 1347 AND
2 1 1345 1347 1717 XOR
2 1 808 70 1348 AND
2 1 75 1348 1349 AND
2 1 1349 1333 1350 XOR
2 1 1336 43 1351 XOR
2 1 1351 1338 1352 AND
2 1 1336 1352 1353 XOR
2 1 1350 1353 1354 XOR
1 1 1354 1355 INV
2 1 64 1355 1356 AND
2 1 1356 44 1357 XOR
2 1 1350 1357 1358 AND
2 1 1358 352 1359 AND
2 1 1359 44 1360 XOR
2 1 597 1360 1361 AND
2 1 1361 1359 1362 XOR
2 1 1362 44 1363 XOR
2 1 1363 595 1364 AND
2 1 1362 1364 1718 XOR
2 1 826 70 1365 AND
2 1 75 1365 1366 AND
2 1 1350 1366 1367 XOR
2 1 1353 44 1368 XOR
2 1 1368 1355 1369 AND
2 1 1353 1369 1370 XOR
2 1 1367 1370 1371 XOR
1 1 1371 1372 INV
2 1 64 1372 1373 AND
2 1 1373 45 1374 XOR
2 1 1367 1374 1375 AND
2 1 1375 352 1376 AND
2 1 1376 45 1377 XOR
2 1 597 1377 1378 AND
2 1 1378 1376 1379 XOR
2 1 1379 45 1380 XOR
2 1 1380 595 1381 AND
2 1 1379 1381 1719 XOR
2 1 844 70 1382 AND
2 1 75 1382 1383 AND
2 1 1367 1383 1384 XOR
2 1 1370 45 1385 XOR
2 1 1385 1372 1386 AND
2 1 1370 1386 1387 XOR
2 1 1384 1387 1388 XOR
1 1 1388 1389 INV
2 1 64 1389 1390 AND
2 1 1390 46 1391 XOR
2 1 1384 1391 1392 AND
2 1 1392 352 1393 AND
2 1 1393 46 1394 XOR
2 1 597 1394 1395 AND
2 1 1395 1393 1396 XOR
2 1 1396 46 1397 XOR
2 1 1397 595 1398 AND
2 1 1396 1398 1720 XOR
2 1 996 66 1399 AND
2 1 1399 70 1400 AND
2 1 75 1400 1401 AND
2 1 1384 1401 1402 XOR
2 1 1387 46 1403 XOR
2 1 1403 1389 1404 AND
2 1 1387 1404 1405 XOR
2 1 1402 1405 1406 XOR
1 1 1406 1407 INV
2 1 64 1407 1408 AND
2 1 1408 47 1409 XOR
2 1 1402 1409 1410 AND
2 1 1410 352 1411 AND
2 1 1411 47 1412 XOR
2 1 597 1412 1413 AND
2 1 1413 1411 1414 XOR
2 1 1414 47 1415 XOR
2 1 1415 595 1416 AND
2 1 1414 1416 1721 XOR
2 1 877 75 1417 AND
2 1 1402 1417 1418 XOR
2 1 1405 47 1419 XOR
2 1 1419 1407 1420 AND
2 1 1405 1420 1421 XOR
2 1 1418 1421 1422 XOR
1 1 1422 1423 INV
2 1 64 1423 1424 AND
2 1 1424 48 1425 XOR
2 1 1418 1425 1426 AND
2 1 1426 352 1427 AND
2 1 1427 48 1428 XOR
2 1 597 1428 1429 AND
2 1 1429 1427 1430 XOR
2 1 1430 48 1431 XOR
2 1 1431 595 1432 AND
2 1 1430 1432 1722 XOR
2 1 895 75 1433 AND
2 1 1418 1433 1434 XOR
2 1 1421 48 1435 XOR
2 1 1435 1423 1436 AND
2 1 1421 1436 1437 XOR
2 1 1434 1437 1438 XOR
1 1 1438 1439 INV
2 1 64 1439 1440 AND
2 1 1440 49 1441 XOR
2 1 1434 1441 1442 AND
2 1 1442 352 1443 AND
2 1 1443 49 1444 XOR
2 1 597 1444 1445 AND
2 1 1445 1443 1446 XOR
2 1 1446 49 1447 XOR
2 1 1447 595 1448 AND
2 1 1446 1448 1723 XOR
2 1 913 75 1449 AND
2 1 1449 1434 1450 XOR
2 1 1437 49 1451 XOR
2 1 1451 1439 1452 AND
2 1 1437 1452 1453 XOR
2 1 1450 1453 1454 XOR
1 1 1454 1455 INV
2 1 64 1455 1456 AND
2 1 1456 50 1457 XOR
2 1 1450 1457 1458 AND
2 1 1458 352 1459 AND
2 1 1459 50 1460 XOR
2 1 597 1460 1461 AND
2 1 1461 1459 1462 XOR
2 1 1462 50 1463 XOR
2 1 1463 595 1464 AND
2 1 1462 1464 1724 XOR
2 1 69 1194 1465 AND
2 1 1465 75 1466 AND
2 1 1466 1450 1467 XOR
2 1 1453 50 1468 XOR
2 1 1468 1455 1469 AND
2 1 1453 1469 1470 XOR
2 1 1467 1470 1471 XOR
1 1 1471 1472 INV
2 1 64 1472 1473 AND
2 1 1473 51 1474 XOR
2 1 1467 1474 1475 AND
2 1 1475 352 1476 AND
2 1 1476 51 1477 XOR
2 1 597 1477 1478 AND
2 1 1478 1476 1479 XOR
2 1 1479 595 1725 XOR
2 1 945 75 1480 AND
2 1 1480 1467 1481 XOR
2 1 1470 51 1482 XOR
2 1 1482 1472 1483 AND
2 1 1470 1483 1484 XOR
2 1 1481 1484 1485 XOR
1 1 1485 1486 INV
2 1 64 1486 1487 AND
2 1 1487 52 1488 XOR
2 1 1481 1488 1489 AND
2 1 64 1489 1490 XOR
2 1 351 1490 1491 AND
2 1 1489 1491 1492 XOR
2 1 1492 52 1493 XOR
2 1 597 1493 1494 AND
2 1 1492 1494 1495 XOR
2 1 1495 52 1496 XOR
2 1 1496 595 1497 AND
2 1 1495 1497 1726 XOR
2 1 962 75 1498 AND
2 1 1498 1481 1499 XOR
2 1 1484 52 1500 XOR
2 1 1500 1486 1501 AND
2 1 1484 1501 1502 XOR
2 1 1499 1502 1503 XOR
1 1 1503 1504 INV
2 1 64 1504 1505 AND
2 1 1505 53 1506 XOR
2 1 1499 1506 1507 AND
2 1 64 1507 1508 XOR
2 1 351 1508 1509 AND
2 1 1507 1509 1510 XOR
2 1 1510 53 1511 XOR
2 1 597 1511 1512 AND
2 1 1510 1512 1513 XOR
2 1 1497 1513 1727 XOR
2 1 979 75 1514 AND
2 1 1514 1499 1515 XOR
2 1 1502 53 1516 XOR
2 1 1516 1504 1517 AND
2 1 1502 1517 1518 XOR
2 1 1515 1518 1519 XOR
1 1 1519 1520 INV
2 1 64 1520 1521 AND
2 1 1521 54 1522 XOR
2 1 1515 1522 1523 AND
2 1 64 1523 1524 XOR
2 1 351 1524 1525 AND
2 1 1523 1525 1526 XOR
2 1 1526 54 1527 XOR
2 1 597 1527 1528 AND
2 1 1526 1528 1529 XOR
2 1 1497 1529 1728 XOR
2 1 998 75 1530 AND
2 1 1530 1515 1531 XOR
2 1 1518 54 1532 XOR
2 1 1532 1520 1533 AND
2 1 1518 1533 1534 XOR
2 1 1531 1534 1535 XOR
1 1 1535 1536 INV
2 1 64 1536 1537 AND
2 1 1537 55 1538 XOR
2 1 1531 1538 1539 AND
2 1 64 1539 1540 XOR
2 1 351 1540 1541 AND
2 1 1539 1541 1542 XOR
2 1 1542 55 1543 XOR
2 1 597 1543 1544 AND
2 1 1542 1544 1545 XOR
2 1 1497 1545 1729 XOR
2 1 1015 75 1546 AND
2 1 1546 1531 1547 XOR
2 1 1534 55 1548 XOR
2 1 1548 1536 1549 AND
2 1 1534 1549 1550 XOR
2 1 1547 1550 1551 XOR
1 1 1551 1552 INV
2 1 64 1552 1553 AND
2 1 1553 56 1554 XOR
2 1 1547 1554 1555 AND
2 1 64 1555 1556 XOR
2 1 351 1556 1557 AND
2 1 1555 1557 1558 XOR
2 1 1558 56 1559 XOR
2 1 597 1559 1560 AND
2 1 1558 1560 1561 XOR
2 1 1497 1561 1730 XOR
2 1 1032 75 1562 AND
2 1 1547 1562 1563 XOR
2 1 1550 56 1564 XOR
2 1 1564 1552 1565 AND
2 1 1550 1565 1566 XOR
2 1 1563 1566 1567 XOR
1 1 1567 1568 INV
2 1 64 1568 1569 AND
2 1 1569 57 1570 XOR
2 1 1563 1570 1571 AND
2 1 64 1571 1572 XOR
2 1 351 1572 1573 AND
2 1 1571 1573 1574 XOR
2 1 1574 57 1575 XOR
2 1 597 1575 1576 AND
2 1 1574 1576 1577 XOR
2 1 1497 1577 1731 XOR
2 1 1049 75 1578 AND
2 1 1563 1578 1579 XOR
2 1 1566 57 1580 XOR
2 1 1580 1568 1581 AND
2 1 1566 1581 1582 XOR
2 1 1579 1582 1583 XOR
1 1 1583 1584 INV
2 1 64 1584 1585 AND
2 1 1585 58 1586 XOR
2 1 1579 1586 1587 AND
2 1 64 1587 1588 XOR
2 1 351 1588 1589 AND
2 1 1587 1589 1590 XOR
2 1 1590 58 1591 XOR
2 1 597 1591 1592 AND
2 1 1590 1592 1593 XOR
2 1 1497 1593 1732 XOR
2 1 1066 75 1594 AND
2 1 1594 1579 1595 XOR
2 1 1582 58 1596 XOR
2 1 1596 1584 1597 AND
2 1 1582 1597 1598 XOR
2 1 1595 1598 1599 XOR
1 1 1599 1600 INV
2 1 64 1600 1601 AND
2 1 1601 59 1602 XOR
2 1 1595 1602 1603 AND
2 1 64 1603 1604 XOR
2 1 351 1604 1605 AND
2 1 1603 1605 1606 XOR
2 1 1606 59 1607 XOR
2 1 597 1607 1608 AND
2 1 1606 1608 1609 XOR
2 1 1497 1609 1733 XOR
2 1 1083 75 1610 AND
2 1 1595 1610 1611 XOR
2 1 1598 59 1612 XOR
2 1 1612 1600 1613 AND
2 1 1598 1613 1614 XOR
2 1 1611 1614 1615 XOR
1 1 1615 1616 INV
2 1 64 1616 1617 AND
2 1 1617 60 1618 XOR
2 1 1611 1618 1619 AND
2 1 64 1619 1620 XOR
2 1 351 1620 1621 AND
2 1 1619 1621 1622 XOR
2 1 1622 60 1623 XOR
2 1 597 1623 1624 AND
2 1 1622 1624 1625 XOR
2 1 1497 1625 1734 XOR
2 1 1100 75 1626 AND
2 1 1611 1626 1627 XOR
2 1 1614 60 1628 XOR
2 1 1628 1616 1629 AND
2 1 1614 1629 1630 XOR
2 1 1627 1630 1631 XOR
1 1 1631 1632 INV
2 1 64 1632 1633 AND
2 1 1633 61 1634 XOR
2 1 1627 1634 1635 AND
2 1 64 1635 1636 XOR
2 1 351 1636 1637 AND
2 1 1635 1637 1638 XOR
2 1 1638 61 1639 XOR
2 1 597 1639 1640 AND
2 1 1638 1640 1641 XOR
2 1 1497 1641 1735 XOR
2 1 1117 75 1642 AND
2 1 1627 1642 1643 XOR
2 1 1630 61 1644 XOR
2 1 1644 1632 1645 AND
2 1 1630 1645 1646 XOR
2 1 1399 69 1647 AND
2 1 1647 75 1648 AND
2 1 1646 1648 1649 XOR
2 1 64 1649 1650 AND
2 1 1650 62 1651 XOR
2 1 1643 1651 1652 AND
2 1 1652 352 1653 AND
2 1 1653 62 1654 XOR
2 1 597 1654 1655 AND
2 1 1655 1653 1656 XOR
2 1 1497 1656 1736 XOR
2 1 1643 1648 1657 XOR
2 1 1646 62 1658 XOR
2 1 1658 1649 1659 AND
2 1 1646 1659 1660 XOR
2 1 1657 1660 1661 XOR
1 1 1661 1662 INV
1 1 63 1663 INV
2 1 1662 1663 1664 AND
1 1 1664 1665 INV
2 1 1665 63 1666 XOR
1 1 1666 1667 INV
2 1 1667 63 1668 XOR
2 1 351 1668 1669 AND
2 1 1669 1667 1670 XOR
2 1 1670 63 1671 XOR
2 1 597 1671 1672 AND
2 1 1670 1672 1673 XOR
2 1 1497 1673 1737 XOR
