1321 1449
2 64 64
1 64 

1 1 50 128 INV
1 1 51 129 INV
2 1 128 129 130 AND
1 1 130 131 INV
1 1 131 132 INV
1 1 48 133 INV
1 1 49 134 INV
2 1 133 134 135 AND
1 1 135 136 INV
1 1 136 137 INV
2 1 132 137 138 AND
1 1 138 139 INV
1 1 139 140 INV
1 1 46 141 INV
1 1 47 142 INV
2 1 141 142 143 AND
1 1 143 144 INV
1 1 144 145 INV
1 1 44 146 INV
1 1 45 147 INV
2 1 146 147 148 AND
1 1 148 149 INV
1 1 149 150 INV
2 1 145 150 151 AND
1 1 151 152 INV
1 1 152 153 INV
1 1 42 154 INV
1 1 43 155 INV
2 1 154 155 156 AND
1 1 156 157 INV
1 1 157 158 INV
1 1 40 159 INV
1 1 41 160 INV
2 1 159 160 161 AND
1 1 161 162 INV
1 1 162 163 INV
2 1 158 163 164 AND
1 1 164 165 INV
1 1 165 166 INV
2 1 153 166 167 AND
1 1 167 168 INV
1 1 168 169 INV
1 1 38 170 INV
1 1 39 171 INV
2 1 170 171 172 AND
1 1 172 173 INV
1 1 173 174 INV
1 1 36 175 INV
1 1 37 176 INV
2 1 175 176 177 AND
1 1 177 178 INV
1 1 178 179 INV
2 1 174 179 180 AND
1 1 180 181 INV
1 1 181 182 INV
1 1 34 183 INV
1 1 35 184 INV
2 1 183 184 185 AND
1 1 185 186 INV
1 1 186 187 INV
1 1 32 188 INV
1 1 33 189 INV
2 1 188 189 190 AND
1 1 190 191 INV
1 1 191 192 INV
2 1 187 192 193 AND
1 1 193 194 INV
1 1 194 195 INV
2 1 182 195 196 AND
1 1 196 197 INV
1 1 197 198 INV
2 1 169 198 199 AND
1 1 199 200 INV
1 1 200 201 INV
2 1 140 201 202 AND
1 1 202 203 INV
1 1 203 204 INV
1 1 30 205 INV
1 1 31 206 INV
2 1 205 206 207 AND
1 1 207 208 INV
1 1 208 209 INV
1 1 28 210 INV
1 1 29 211 INV
2 1 210 211 212 AND
1 1 212 213 INV
1 1 213 214 INV
2 1 209 214 215 AND
1 1 215 216 INV
1 1 216 217 INV
1 1 26 218 INV
1 1 27 219 INV
2 1 218 219 220 AND
1 1 220 221 INV
1 1 221 222 INV
1 1 24 223 INV
1 1 25 224 INV
2 1 223 224 225 AND
1 1 225 226 INV
1 1 226 227 INV
2 1 222 227 228 AND
1 1 228 229 INV
1 1 229 230 INV
2 1 217 230 231 AND
1 1 231 232 INV
1 1 232 233 INV
1 1 22 234 INV
1 1 23 235 INV
2 1 234 235 236 AND
1 1 236 237 INV
1 1 237 238 INV
1 1 20 239 INV
1 1 21 240 INV
2 1 239 240 241 AND
1 1 241 242 INV
1 1 242 243 INV
2 1 238 243 244 AND
1 1 244 245 INV
1 1 245 246 INV
1 1 18 247 INV
1 1 19 248 INV
2 1 247 248 249 AND
1 1 249 250 INV
1 1 250 251 INV
1 1 16 252 INV
1 1 17 253 INV
2 1 252 253 254 AND
1 1 254 255 INV
1 1 255 256 INV
2 1 251 256 257 AND
1 1 257 258 INV
1 1 258 259 INV
2 1 246 259 260 AND
1 1 260 261 INV
1 1 261 262 INV
2 1 233 262 263 AND
1 1 263 264 INV
1 1 264 265 INV
1 1 14 266 INV
1 1 15 267 INV
2 1 266 267 268 AND
1 1 268 269 INV
1 1 269 270 INV
1 1 12 271 INV
1 1 13 272 INV
2 1 271 272 273 AND
1 1 273 274 INV
1 1 274 275 INV
2 1 270 275 276 AND
1 1 276 277 INV
1 1 277 278 INV
1 1 10 279 INV
1 1 11 280 INV
2 1 279 280 281 AND
1 1 281 282 INV
1 1 282 283 INV
1 1 8 284 INV
1 1 9 285 INV
2 1 284 285 286 AND
1 1 286 287 INV
1 1 287 288 INV
2 1 283 288 289 AND
1 1 289 290 INV
1 1 290 291 INV
2 1 278 291 292 AND
1 1 292 293 INV
1 1 293 294 INV
1 1 6 295 INV
1 1 7 296 INV
2 1 295 296 297 AND
1 1 297 298 INV
1 1 298 299 INV
1 1 4 300 INV
1 1 5 301 INV
2 1 300 301 302 AND
1 1 302 303 INV
1 1 303 304 INV
2 1 299 304 305 AND
1 1 305 306 INV
1 1 306 307 INV
1 1 2 308 INV
1 1 3 309 INV
2 1 308 309 310 AND
1 1 310 311 INV
1 1 311 312 INV
1 1 0 313 INV
1 1 1 314 INV
2 1 313 314 315 AND
1 1 315 316 INV
1 1 316 317 INV
2 1 312 317 318 AND
1 1 318 319 INV
1 1 319 320 INV
2 1 307 320 321 AND
1 1 321 322 INV
1 1 322 323 INV
2 1 294 323 324 AND
1 1 324 325 INV
1 1 325 326 INV
2 1 265 326 327 AND
1 1 327 328 INV
1 1 328 329 INV
2 1 204 329 330 AND
1 1 330 331 INV
2 1 60 61 332 AND
2 1 332 62 333 AND
2 1 52 53 334 AND
2 1 54 55 335 AND
2 1 334 335 336 AND
2 1 58 59 337 AND
2 1 56 57 338 AND
2 1 337 338 339 AND
2 1 336 339 340 AND
2 1 333 340 341 AND
2 1 331 341 342 AND
1 1 342 343 INV
1 1 114 344 INV
1 1 115 345 INV
2 1 344 345 346 AND
1 1 346 347 INV
1 1 347 348 INV
1 1 112 349 INV
1 1 113 350 INV
2 1 349 350 351 AND
1 1 351 352 INV
1 1 352 353 INV
2 1 348 353 354 AND
1 1 354 355 INV
1 1 355 356 INV
1 1 110 357 INV
1 1 111 358 INV
2 1 357 358 359 AND
1 1 359 360 INV
1 1 360 361 INV
1 1 108 362 INV
1 1 109 363 INV
2 1 362 363 364 AND
1 1 364 365 INV
1 1 365 366 INV
2 1 361 366 367 AND
1 1 367 368 INV
1 1 368 369 INV
1 1 106 370 INV
1 1 107 371 INV
2 1 370 371 372 AND
1 1 372 373 INV
1 1 373 374 INV
1 1 104 375 INV
1 1 105 376 INV
2 1 375 376 377 AND
1 1 377 378 INV
1 1 378 379 INV
2 1 374 379 380 AND
1 1 380 381 INV
1 1 381 382 INV
2 1 369 382 383 AND
1 1 383 384 INV
1 1 384 385 INV
1 1 102 386 INV
1 1 103 387 INV
2 1 386 387 388 AND
1 1 388 389 INV
1 1 389 390 INV
1 1 100 391 INV
1 1 101 392 INV
2 1 391 392 393 AND
1 1 393 394 INV
1 1 394 395 INV
2 1 390 395 396 AND
1 1 396 397 INV
1 1 397 398 INV
1 1 98 399 INV
1 1 99 400 INV
2 1 399 400 401 AND
1 1 401 402 INV
1 1 402 403 INV
1 1 96 404 INV
1 1 97 405 INV
2 1 404 405 406 AND
1 1 406 407 INV
1 1 407 408 INV
2 1 403 408 409 AND
1 1 409 410 INV
1 1 410 411 INV
2 1 398 411 412 AND
1 1 412 413 INV
1 1 413 414 INV
2 1 385 414 415 AND
1 1 415 416 INV
1 1 416 417 INV
2 1 356 417 418 AND
1 1 418 419 INV
1 1 419 420 INV
1 1 94 421 INV
1 1 95 422 INV
2 1 421 422 423 AND
1 1 423 424 INV
1 1 424 425 INV
1 1 92 426 INV
1 1 93 427 INV
2 1 426 427 428 AND
1 1 428 429 INV
1 1 429 430 INV
2 1 425 430 431 AND
1 1 431 432 INV
1 1 432 433 INV
1 1 90 434 INV
1 1 91 435 INV
2 1 434 435 436 AND
1 1 436 437 INV
1 1 437 438 INV
1 1 88 439 INV
1 1 89 440 INV
2 1 439 440 441 AND
1 1 441 442 INV
1 1 442 443 INV
2 1 438 443 444 AND
1 1 444 445 INV
1 1 445 446 INV
2 1 433 446 447 AND
1 1 447 448 INV
1 1 448 449 INV
1 1 86 450 INV
1 1 87 451 INV
2 1 450 451 452 AND
1 1 452 453 INV
1 1 453 454 INV
1 1 84 455 INV
1 1 85 456 INV
2 1 455 456 457 AND
1 1 457 458 INV
1 1 458 459 INV
2 1 454 459 460 AND
1 1 460 461 INV
1 1 461 462 INV
1 1 82 463 INV
1 1 83 464 INV
2 1 463 464 465 AND
1 1 465 466 INV
1 1 466 467 INV
1 1 80 468 INV
1 1 81 469 INV
2 1 468 469 470 AND
1 1 470 471 INV
1 1 471 472 INV
2 1 467 472 473 AND
1 1 473 474 INV
1 1 474 475 INV
2 1 462 475 476 AND
1 1 476 477 INV
1 1 477 478 INV
2 1 449 478 479 AND
1 1 479 480 INV
1 1 480 481 INV
1 1 78 482 INV
1 1 79 483 INV
2 1 482 483 484 AND
1 1 484 485 INV
1 1 485 486 INV
1 1 76 487 INV
1 1 77 488 INV
2 1 487 488 489 AND
1 1 489 490 INV
1 1 490 491 INV
2 1 486 491 492 AND
1 1 492 493 INV
1 1 493 494 INV
1 1 74 495 INV
1 1 75 496 INV
2 1 495 496 497 AND
1 1 497 498 INV
1 1 498 499 INV
1 1 72 500 INV
1 1 73 501 INV
2 1 500 501 502 AND
1 1 502 503 INV
1 1 503 504 INV
2 1 499 504 505 AND
1 1 505 506 INV
1 1 506 507 INV
2 1 494 507 508 AND
1 1 508 509 INV
1 1 509 510 INV
1 1 70 511 INV
1 1 71 512 INV
2 1 511 512 513 AND
1 1 513 514 INV
1 1 514 515 INV
1 1 68 516 INV
1 1 69 517 INV
2 1 516 517 518 AND
1 1 518 519 INV
1 1 519 520 INV
2 1 515 520 521 AND
1 1 521 522 INV
1 1 522 523 INV
1 1 66 524 INV
1 1 67 525 INV
2 1 524 525 526 AND
1 1 526 527 INV
1 1 527 528 INV
1 1 64 529 INV
1 1 65 530 INV
2 1 529 530 531 AND
1 1 531 532 INV
1 1 532 533 INV
2 1 528 533 534 AND
1 1 534 535 INV
1 1 535 536 INV
2 1 523 536 537 AND
1 1 537 538 INV
1 1 538 539 INV
2 1 510 539 540 AND
1 1 540 541 INV
1 1 541 542 INV
2 1 481 542 543 AND
1 1 543 544 INV
1 1 544 545 INV
2 1 420 545 546 AND
1 1 546 547 INV
2 1 124 125 548 AND
2 1 548 126 549 AND
2 1 122 123 550 AND
2 1 120 121 551 AND
2 1 550 551 552 AND
2 1 116 117 553 AND
2 1 118 119 554 AND
2 1 553 554 555 AND
2 1 552 555 556 AND
2 1 549 556 557 AND
2 1 547 557 558 AND
1 1 558 559 INV
2 1 343 559 560 AND
1 1 560 561 INV
1 1 561 562 INV
1 1 62 563 INV
1 1 126 564 INV
2 1 563 564 565 AND
1 1 565 566 INV
1 1 566 567 INV
1 1 61 568 INV
1 1 125 569 INV
2 1 568 569 570 AND
1 1 570 571 INV
1 1 571 572 INV
2 1 567 572 573 AND
1 1 573 574 INV
1 1 574 575 INV
1 1 60 576 INV
1 1 124 577 INV
2 1 576 577 578 AND
1 1 578 579 INV
1 1 579 580 INV
1 1 59 581 INV
1 1 123 582 INV
2 1 581 582 583 AND
1 1 583 584 INV
1 1 584 585 INV
2 1 580 585 586 AND
1 1 586 587 INV
1 1 587 588 INV
2 1 575 588 589 AND
1 1 589 590 INV
1 1 590 591 INV
1 1 58 592 INV
1 1 122 593 INV
2 1 592 593 594 AND
1 1 594 595 INV
1 1 595 596 INV
1 1 57 597 INV
1 1 121 598 INV
2 1 597 598 599 AND
1 1 599 600 INV
1 1 600 601 INV
2 1 596 601 602 AND
1 1 602 603 INV
1 1 603 604 INV
1 1 56 605 INV
1 1 120 606 INV
2 1 605 606 607 AND
1 1 607 608 INV
1 1 608 609 INV
1 1 55 610 INV
1 1 119 611 INV
2 1 610 611 612 AND
1 1 612 613 INV
1 1 613 614 INV
2 1 609 614 615 AND
1 1 615 616 INV
1 1 616 617 INV
2 1 604 617 618 AND
1 1 618 619 INV
1 1 619 620 INV
2 1 591 620 621 AND
1 1 621 622 INV
1 1 622 623 INV
1 1 54 624 INV
1 1 118 625 INV
2 1 624 625 626 AND
1 1 626 627 INV
1 1 627 628 INV
1 1 53 629 INV
1 1 117 630 INV
2 1 629 630 631 AND
1 1 631 632 INV
1 1 632 633 INV
2 1 628 633 634 AND
1 1 634 635 INV
1 1 635 636 INV
1 1 52 637 INV
1 1 116 638 INV
2 1 637 638 639 AND
1 1 639 640 INV
1 1 640 641 INV
1 1 51 642 INV
1 1 115 643 INV
2 1 642 643 644 AND
1 1 644 645 INV
1 1 645 646 INV
2 1 641 646 647 AND
1 1 647 648 INV
1 1 648 649 INV
2 1 636 649 650 AND
1 1 650 651 INV
1 1 651 652 INV
1 1 50 653 INV
1 1 114 654 INV
2 1 653 654 655 AND
1 1 655 656 INV
1 1 656 657 INV
1 1 49 658 INV
1 1 113 659 INV
2 1 658 659 660 AND
1 1 660 661 INV
1 1 661 662 INV
2 1 657 662 663 AND
1 1 663 664 INV
1 1 664 665 INV
1 1 48 666 INV
1 1 112 667 INV
2 1 666 667 668 AND
1 1 668 669 INV
1 1 669 670 INV
1 1 47 671 INV
1 1 111 672 INV
2 1 671 672 673 AND
1 1 673 674 INV
1 1 674 675 INV
2 1 670 675 676 AND
1 1 676 677 INV
1 1 677 678 INV
2 1 665 678 679 AND
1 1 679 680 INV
1 1 680 681 INV
2 1 652 681 682 AND
1 1 682 683 INV
1 1 683 684 INV
2 1 623 684 685 AND
1 1 685 686 INV
1 1 686 687 INV
1 1 46 688 INV
1 1 110 689 INV
2 1 688 689 690 AND
1 1 690 691 INV
1 1 691 692 INV
1 1 45 693 INV
1 1 109 694 INV
2 1 693 694 695 AND
1 1 695 696 INV
1 1 696 697 INV
2 1 692 697 698 AND
1 1 698 699 INV
1 1 699 700 INV
1 1 44 701 INV
1 1 108 702 INV
2 1 701 702 703 AND
1 1 703 704 INV
1 1 704 705 INV
1 1 43 706 INV
1 1 107 707 INV
2 1 706 707 708 AND
1 1 708 709 INV
1 1 709 710 INV
2 1 705 710 711 AND
1 1 711 712 INV
1 1 712 713 INV
2 1 700 713 714 AND
1 1 714 715 INV
1 1 715 716 INV
1 1 42 717 INV
1 1 106 718 INV
2 1 717 718 719 AND
1 1 719 720 INV
1 1 720 721 INV
1 1 41 722 INV
1 1 105 723 INV
2 1 722 723 724 AND
1 1 724 725 INV
1 1 725 726 INV
2 1 721 726 727 AND
1 1 727 728 INV
1 1 728 729 INV
1 1 40 730 INV
1 1 104 731 INV
2 1 730 731 732 AND
1 1 732 733 INV
1 1 733 734 INV
1 1 39 735 INV
1 1 103 736 INV
2 1 735 736 737 AND
1 1 737 738 INV
1 1 738 739 INV
2 1 734 739 740 AND
1 1 740 741 INV
1 1 741 742 INV
2 1 729 742 743 AND
1 1 743 744 INV
1 1 744 745 INV
2 1 716 745 746 AND
1 1 746 747 INV
1 1 747 748 INV
1 1 38 749 INV
1 1 102 750 INV
2 1 749 750 751 AND
1 1 751 752 INV
1 1 752 753 INV
1 1 37 754 INV
1 1 101 755 INV
2 1 754 755 756 AND
1 1 756 757 INV
1 1 757 758 INV
2 1 753 758 759 AND
1 1 759 760 INV
1 1 760 761 INV
1 1 36 762 INV
1 1 100 763 INV
2 1 762 763 764 AND
1 1 764 765 INV
1 1 765 766 INV
1 1 35 767 INV
1 1 99 768 INV
2 1 767 768 769 AND
1 1 769 770 INV
1 1 770 771 INV
2 1 766 771 772 AND
1 1 772 773 INV
1 1 773 774 INV
2 1 761 774 775 AND
1 1 775 776 INV
1 1 776 777 INV
1 1 34 778 INV
1 1 98 779 INV
2 1 778 779 780 AND
1 1 780 781 INV
1 1 781 782 INV
1 1 33 783 INV
1 1 97 784 INV
2 1 783 784 785 AND
1 1 785 786 INV
1 1 786 787 INV
2 1 782 787 788 AND
1 1 788 789 INV
1 1 789 790 INV
1 1 32 791 INV
1 1 96 792 INV
2 1 791 792 793 AND
1 1 793 794 INV
1 1 794 795 INV
1 1 31 796 INV
1 1 95 797 INV
2 1 796 797 798 AND
1 1 798 799 INV
1 1 799 800 INV
2 1 795 800 801 AND
1 1 801 802 INV
1 1 802 803 INV
2 1 790 803 804 AND
1 1 804 805 INV
1 1 805 806 INV
2 1 777 806 807 AND
1 1 807 808 INV
1 1 808 809 INV
2 1 748 809 810 AND
1 1 810 811 INV
1 1 811 812 INV
2 1 687 812 813 AND
1 1 813 814 INV
1 1 814 815 INV
1 1 30 816 INV
1 1 94 817 INV
2 1 816 817 818 AND
1 1 818 819 INV
1 1 819 820 INV
1 1 29 821 INV
1 1 93 822 INV
2 1 821 822 823 AND
1 1 823 824 INV
1 1 824 825 INV
2 1 820 825 826 AND
1 1 826 827 INV
1 1 827 828 INV
1 1 28 829 INV
1 1 92 830 INV
2 1 829 830 831 AND
1 1 831 832 INV
1 1 832 833 INV
1 1 27 834 INV
1 1 91 835 INV
2 1 834 835 836 AND
1 1 836 837 INV
1 1 837 838 INV
2 1 833 838 839 AND
1 1 839 840 INV
1 1 840 841 INV
2 1 828 841 842 AND
1 1 842 843 INV
1 1 843 844 INV
1 1 26 845 INV
1 1 90 846 INV
2 1 845 846 847 AND
1 1 847 848 INV
1 1 848 849 INV
1 1 25 850 INV
1 1 89 851 INV
2 1 850 851 852 AND
1 1 852 853 INV
1 1 853 854 INV
2 1 849 854 855 AND
1 1 855 856 INV
1 1 856 857 INV
1 1 24 858 INV
1 1 88 859 INV
2 1 858 859 860 AND
1 1 860 861 INV
1 1 861 862 INV
1 1 23 863 INV
1 1 87 864 INV
2 1 863 864 865 AND
1 1 865 866 INV
1 1 866 867 INV
2 1 862 867 868 AND
1 1 868 869 INV
1 1 869 870 INV
2 1 857 870 871 AND
1 1 871 872 INV
1 1 872 873 INV
2 1 844 873 874 AND
1 1 874 875 INV
1 1 875 876 INV
1 1 22 877 INV
1 1 86 878 INV
2 1 877 878 879 AND
1 1 879 880 INV
1 1 880 881 INV
1 1 21 882 INV
1 1 85 883 INV
2 1 882 883 884 AND
1 1 884 885 INV
1 1 885 886 INV
2 1 881 886 887 AND
1 1 887 888 INV
1 1 888 889 INV
1 1 20 890 INV
1 1 84 891 INV
2 1 890 891 892 AND
1 1 892 893 INV
1 1 893 894 INV
1 1 19 895 INV
1 1 83 896 INV
2 1 895 896 897 AND
1 1 897 898 INV
1 1 898 899 INV
2 1 894 899 900 AND
1 1 900 901 INV
1 1 901 902 INV
2 1 889 902 903 AND
1 1 903 904 INV
1 1 904 905 INV
1 1 18 906 INV
1 1 82 907 INV
2 1 906 907 908 AND
1 1 908 909 INV
1 1 909 910 INV
1 1 17 911 INV
1 1 81 912 INV
2 1 911 912 913 AND
1 1 913 914 INV
1 1 914 915 INV
2 1 910 915 916 AND
1 1 916 917 INV
1 1 917 918 INV
1 1 16 919 INV
1 1 80 920 INV
2 1 919 920 921 AND
1 1 921 922 INV
1 1 922 923 INV
1 1 15 924 INV
1 1 79 925 INV
2 1 924 925 926 AND
1 1 926 927 INV
1 1 927 928 INV
2 1 923 928 929 AND
1 1 929 930 INV
1 1 930 931 INV
2 1 918 931 932 AND
1 1 932 933 INV
1 1 933 934 INV
2 1 905 934 935 AND
1 1 935 936 INV
1 1 936 937 INV
2 1 876 937 938 AND
1 1 938 939 INV
1 1 939 940 INV
1 1 14 941 INV
1 1 78 942 INV
2 1 941 942 943 AND
1 1 943 944 INV
1 1 944 945 INV
1 1 13 946 INV
1 1 77 947 INV
2 1 946 947 948 AND
1 1 948 949 INV
1 1 949 950 INV
2 1 945 950 951 AND
1 1 951 952 INV
1 1 952 953 INV
1 1 12 954 INV
1 1 76 955 INV
2 1 954 955 956 AND
1 1 956 957 INV
1 1 957 958 INV
1 1 11 959 INV
1 1 75 960 INV
2 1 959 960 961 AND
1 1 961 962 INV
1 1 962 963 INV
2 1 958 963 964 AND
1 1 964 965 INV
1 1 965 966 INV
2 1 953 966 967 AND
1 1 967 968 INV
1 1 968 969 INV
1 1 10 970 INV
1 1 74 971 INV
2 1 970 971 972 AND
1 1 972 973 INV
1 1 973 974 INV
1 1 9 975 INV
1 1 73 976 INV
2 1 975 976 977 AND
1 1 977 978 INV
1 1 978 979 INV
2 1 974 979 980 AND
1 1 980 981 INV
1 1 981 982 INV
1 1 8 983 INV
1 1 72 984 INV
2 1 983 984 985 AND
1 1 985 986 INV
1 1 986 987 INV
1 1 7 988 INV
1 1 71 989 INV
2 1 988 989 990 AND
1 1 990 991 INV
1 1 991 992 INV
2 1 987 992 993 AND
1 1 993 994 INV
1 1 994 995 INV
2 1 982 995 996 AND
1 1 996 997 INV
1 1 997 998 INV
2 1 969 998 999 AND
1 1 999 1000 INV
1 1 1000 1001 INV
1 1 6 1002 INV
1 1 70 1003 INV
2 1 1002 1003 1004 AND
1 1 1004 1005 INV
1 1 1005 1006 INV
1 1 5 1007 INV
1 1 69 1008 INV
2 1 1007 1008 1009 AND
1 1 1009 1010 INV
1 1 1010 1011 INV
2 1 1006 1011 1012 AND
1 1 1012 1013 INV
1 1 1013 1014 INV
1 1 4 1015 INV
1 1 68 1016 INV
2 1 1015 1016 1017 AND
1 1 1017 1018 INV
1 1 1018 1019 INV
1 1 3 1020 INV
1 1 67 1021 INV
2 1 1020 1021 1022 AND
1 1 1022 1023 INV
1 1 1023 1024 INV
2 1 1019 1024 1025 AND
1 1 1025 1026 INV
1 1 1026 1027 INV
2 1 1014 1027 1028 AND
1 1 1028 1029 INV
1 1 1029 1030 INV
1 1 2 1031 INV
1 1 66 1032 INV
2 1 1031 1032 1033 AND
1 1 1033 1034 INV
1 1 1034 1035 INV
1 1 1 1036 INV
1 1 65 1037 INV
2 1 1036 1037 1038 AND
1 1 1038 1039 INV
1 1 1039 1040 INV
2 1 1035 1040 1041 AND
1 1 1041 1042 INV
1 1 1042 1043 INV
1 1 0 1044 INV
1 1 64 1045 INV
2 1 1044 1045 1046 AND
1 1 1046 1047 INV
1 1 1047 1048 INV
2 1 1043 1048 1049 AND
1 1 1049 1050 INV
1 1 1050 1051 INV
2 1 1030 1051 1052 AND
1 1 1052 1053 INV
1 1 1053 1054 INV
2 1 1001 1054 1055 AND
1 1 1055 1056 INV
1 1 1056 1057 INV
2 1 940 1057 1058 AND
1 1 1058 1059 INV
1 1 1059 1060 INV
2 1 815 1060 1061 AND
1 1 1061 1062 INV
2 1 63 127 1063 XOR
1 1 1063 1064 INV
2 1 62 126 1065 XOR
1 1 1065 1066 INV
2 1 1064 1066 1067 AND
1 1 1067 1068 INV
1 1 1068 1069 INV
2 1 61 125 1070 XOR
1 1 1070 1071 INV
2 1 60 124 1072 XOR
1 1 1072 1073 INV
2 1 1071 1073 1074 AND
1 1 1074 1075 INV
1 1 1075 1076 INV
2 1 1069 1076 1077 AND
1 1 1077 1078 INV
1 1 1078 1079 INV
2 1 59 123 1080 XOR
1 1 1080 1081 INV
2 1 58 122 1082 XOR
1 1 1082 1083 INV
2 1 1081 1083 1084 AND
1 1 1084 1085 INV
1 1 1085 1086 INV
2 1 57 121 1087 XOR
1 1 1087 1088 INV
2 1 56 120 1089 XOR
1 1 1089 1090 INV
2 1 1088 1090 1091 AND
1 1 1091 1092 INV
1 1 1092 1093 INV
2 1 1086 1093 1094 AND
1 1 1094 1095 INV
1 1 1095 1096 INV
2 1 1079 1096 1097 AND
1 1 1097 1098 INV
1 1 1098 1099 INV
2 1 55 119 1100 XOR
1 1 1100 1101 INV
2 1 54 118 1102 XOR
1 1 1102 1103 INV
2 1 1101 1103 1104 AND
1 1 1104 1105 INV
1 1 1105 1106 INV
2 1 53 117 1107 XOR
1 1 1107 1108 INV
2 1 52 116 1109 XOR
1 1 1109 1110 INV
2 1 1108 1110 1111 AND
1 1 1111 1112 INV
1 1 1112 1113 INV
2 1 1106 1113 1114 AND
1 1 1114 1115 INV
1 1 1115 1116 INV
2 1 51 115 1117 XOR
1 1 1117 1118 INV
2 1 50 114 1119 XOR
1 1 1119 1120 INV
2 1 1118 1120 1121 AND
1 1 1121 1122 INV
1 1 1122 1123 INV
2 1 49 113 1124 XOR
1 1 1124 1125 INV
2 1 48 112 1126 XOR
1 1 1126 1127 INV
2 1 1125 1127 1128 AND
1 1 1128 1129 INV
1 1 1129 1130 INV
2 1 1123 1130 1131 AND
1 1 1131 1132 INV
1 1 1132 1133 INV
2 1 1116 1133 1134 AND
1 1 1134 1135 INV
1 1 1135 1136 INV
2 1 1099 1136 1137 AND
1 1 1137 1138 INV
1 1 1138 1139 INV
2 1 47 111 1140 XOR
1 1 1140 1141 INV
2 1 46 110 1142 XOR
1 1 1142 1143 INV
2 1 1141 1143 1144 AND
1 1 1144 1145 INV
1 1 1145 1146 INV
2 1 45 109 1147 XOR
1 1 1147 1148 INV
2 1 44 108 1149 XOR
1 1 1149 1150 INV
2 1 1148 1150 1151 AND
1 1 1151 1152 INV
1 1 1152 1153 INV
2 1 1146 1153 1154 AND
1 1 1154 1155 INV
1 1 1155 1156 INV
2 1 43 107 1157 XOR
1 1 1157 1158 INV
2 1 42 106 1159 XOR
1 1 1159 1160 INV
2 1 1158 1160 1161 AND
1 1 1161 1162 INV
1 1 1162 1163 INV
2 1 41 105 1164 XOR
1 1 1164 1165 INV
2 1 40 104 1166 XOR
1 1 1166 1167 INV
2 1 1165 1167 1168 AND
1 1 1168 1169 INV
1 1 1169 1170 INV
2 1 1163 1170 1171 AND
1 1 1171 1172 INV
1 1 1172 1173 INV
2 1 1156 1173 1174 AND
1 1 1174 1175 INV
1 1 1175 1176 INV
2 1 39 103 1177 XOR
1 1 1177 1178 INV
2 1 38 102 1179 XOR
1 1 1179 1180 INV
2 1 1178 1180 1181 AND
1 1 1181 1182 INV
1 1 1182 1183 INV
2 1 37 101 1184 XOR
1 1 1184 1185 INV
2 1 36 100 1186 XOR
1 1 1186 1187 INV
2 1 1185 1187 1188 AND
1 1 1188 1189 INV
1 1 1189 1190 INV
2 1 1183 1190 1191 AND
1 1 1191 1192 INV
1 1 1192 1193 INV
2 1 35 99 1194 XOR
1 1 1194 1195 INV
2 1 34 98 1196 XOR
1 1 1196 1197 INV
2 1 1195 1197 1198 AND
1 1 1198 1199 INV
1 1 1199 1200 INV
2 1 33 97 1201 XOR
1 1 1201 1202 INV
2 1 32 96 1203 XOR
1 1 1203 1204 INV
2 1 1202 1204 1205 AND
1 1 1205 1206 INV
1 1 1206 1207 INV
2 1 1200 1207 1208 AND
1 1 1208 1209 INV
1 1 1209 1210 INV
2 1 1193 1210 1211 AND
1 1 1211 1212 INV
1 1 1212 1213 INV
2 1 1176 1213 1214 AND
1 1 1214 1215 INV
1 1 1215 1216 INV
2 1 1139 1216 1217 AND
1 1 1217 1218 INV
1 1 1218 1219 INV
2 1 31 95 1220 XOR
1 1 1220 1221 INV
2 1 30 94 1222 XOR
1 1 1222 1223 INV
2 1 1221 1223 1224 AND
1 1 1224 1225 INV
1 1 1225 1226 INV
2 1 29 93 1227 XOR
1 1 1227 1228 INV
2 1 28 92 1229 XOR
1 1 1229 1230 INV
2 1 1228 1230 1231 AND
1 1 1231 1232 INV
1 1 1232 1233 INV
2 1 1226 1233 1234 AND
1 1 1234 1235 INV
1 1 1235 1236 INV
2 1 27 91 1237 XOR
1 1 1237 1238 INV
2 1 26 90 1239 XOR
1 1 1239 1240 INV
2 1 1238 1240 1241 AND
1 1 1241 1242 INV
1 1 1242 1243 INV
2 1 25 89 1244 XOR
1 1 1244 1245 INV
2 1 24 88 1246 XOR
1 1 1246 1247 INV
2 1 1245 1247 1248 AND
1 1 1248 1249 INV
1 1 1249 1250 INV
2 1 1243 1250 1251 AND
1 1 1251 1252 INV
1 1 1252 1253 INV
2 1 1236 1253 1254 AND
1 1 1254 1255 INV
1 1 1255 1256 INV
2 1 23 87 1257 XOR
1 1 1257 1258 INV
2 1 22 86 1259 XOR
1 1 1259 1260 INV
2 1 1258 1260 1261 AND
1 1 1261 1262 INV
1 1 1262 1263 INV
2 1 21 85 1264 XOR
1 1 1264 1265 INV
2 1 20 84 1266 XOR
1 1 1266 1267 INV
2 1 1265 1267 1268 AND
1 1 1268 1269 INV
1 1 1269 1270 INV
2 1 1263 1270 1271 AND
1 1 1271 1272 INV
1 1 1272 1273 INV
2 1 19 83 1274 XOR
1 1 1274 1275 INV
2 1 18 82 1276 XOR
1 1 1276 1277 INV
2 1 1275 1277 1278 AND
1 1 1278 1279 INV
1 1 1279 1280 INV
2 1 17 81 1281 XOR
1 1 1281 1282 INV
2 1 16 80 1283 XOR
1 1 1283 1284 INV
2 1 1282 1284 1285 AND
1 1 1285 1286 INV
1 1 1286 1287 INV
2 1 1280 1287 1288 AND
1 1 1288 1289 INV
1 1 1289 1290 INV
2 1 1273 1290 1291 AND
1 1 1291 1292 INV
1 1 1292 1293 INV
2 1 1256 1293 1294 AND
1 1 1294 1295 INV
1 1 1295 1296 INV
2 1 15 79 1297 XOR
1 1 1297 1298 INV
2 1 14 78 1299 XOR
1 1 1299 1300 INV
2 1 1298 1300 1301 AND
1 1 1301 1302 INV
1 1 1302 1303 INV
2 1 13 77 1304 XOR
1 1 1304 1305 INV
2 1 12 76 1306 XOR
1 1 1306 1307 INV
2 1 1305 1307 1308 AND
1 1 1308 1309 INV
1 1 1309 1310 INV
2 1 1303 1310 1311 AND
1 1 1311 1312 INV
1 1 1312 1313 INV
2 1 11 75 1314 XOR
1 1 1314 1315 INV
2 1 10 74 1316 XOR
1 1 1316 1317 INV
2 1 1315 1317 1318 AND
1 1 1318 1319 INV
1 1 1319 1320 INV
2 1 9 73 1321 XOR
1 1 1321 1322 INV
2 1 8 72 1323 XOR
1 1 1323 1324 INV
2 1 1322 1324 1325 AND
1 1 1325 1326 INV
1 1 1326 1327 INV
2 1 1320 1327 1328 AND
1 1 1328 1329 INV
1 1 1329 1330 INV
2 1 1313 1330 1331 AND
1 1 1331 1332 INV
1 1 1332 1333 INV
2 1 7 71 1334 XOR
1 1 1334 1335 INV
2 1 6 70 1336 XOR
1 1 1336 1337 INV
2 1 1335 1337 1338 AND
1 1 1338 1339 INV
1 1 1339 1340 INV
2 1 5 69 1341 XOR
1 1 1341 1342 INV
2 1 4 68 1343 XOR
1 1 1343 1344 INV
2 1 1342 1344 1345 AND
1 1 1345 1346 INV
1 1 1346 1347 INV
2 1 1340 1347 1348 AND
1 1 1348 1349 INV
1 1 1349 1350 INV
2 1 3 67 1351 XOR
1 1 1351 1352 INV
2 1 2 66 1353 XOR
1 1 1353 1354 INV
2 1 1352 1354 1355 AND
1 1 1355 1356 INV
1 1 1356 1357 INV
2 1 1 65 1358 XOR
1 1 1358 1359 INV
2 1 0 64 1360 XOR
1 1 1360 1361 INV
2 1 1359 1361 1362 AND
1 1 1362 1363 INV
1 1 1363 1364 INV
2 1 1357 1364 1365 AND
1 1 1365 1366 INV
1 1 1366 1367 INV
2 1 1350 1367 1368 AND
1 1 1368 1369 INV
1 1 1369 1370 INV
2 1 1333 1370 1371 AND
1 1 1371 1372 INV
1 1 1372 1373 INV
2 1 1296 1373 1374 AND
1 1 1374 1375 INV
1 1 1375 1376 INV
2 1 1219 1376 1377 AND
1 1 1377 1378 INV
2 1 1062 1378 1379 AND
1 1 1379 1380 INV
2 1 562 1380 1381 AND
1 1 1381 1382 INV
1 1 1382 1385 INV
2 1 0 0 1384 XOR
1 1 1384 1383 INV
1 1 1383 1386 INV
1 1 1383 1387 INV
1 1 1383 1388 INV
1 1 1383 1389 INV
1 1 1383 1390 INV
1 1 1383 1391 INV
1 1 1383 1392 INV
1 1 1383 1393 INV
1 1 1383 1394 INV
1 1 1383 1395 INV
1 1 1383 1396 INV
1 1 1383 1397 INV
1 1 1383 1398 INV
1 1 1383 1399 INV
1 1 1383 1400 INV
1 1 1383 1401 INV
1 1 1383 1402 INV
1 1 1383 1403 INV
1 1 1383 1404 INV
1 1 1383 1405 INV
1 1 1383 1406 INV
1 1 1383 1407 INV
1 1 1383 1408 INV
1 1 1383 1409 INV
1 1 1383 1410 INV
1 1 1383 1411 INV
1 1 1383 1412 INV
1 1 1383 1413 INV
1 1 1383 1414 INV
1 1 1383 1415 INV
1 1 1383 1416 INV
1 1 1383 1417 INV
1 1 1383 1418 INV
1 1 1383 1419 INV
1 1 1383 1420 INV
1 1 1383 1421 INV
1 1 1383 1422 INV
1 1 1383 1423 INV
1 1 1383 1424 INV
1 1 1383 1425 INV
1 1 1383 1426 INV
1 1 1383 1427 INV
1 1 1383 1428 INV
1 1 1383 1429 INV
1 1 1383 1430 INV
1 1 1383 1431 INV
1 1 1383 1432 INV
1 1 1383 1433 INV
1 1 1383 1434 INV
1 1 1383 1435 INV
1 1 1383 1436 INV
1 1 1383 1437 INV
1 1 1383 1438 INV
1 1 1383 1439 INV
1 1 1383 1440 INV
1 1 1383 1441 INV
1 1 1383 1442 INV
1 1 1383 1443 INV
1 1 1383 1444 INV
1 1 1383 1445 INV
1 1 1383 1446 INV
1 1 1383 1447 INV
1 1 1383 1448 INV
