3962 4026
1 64 
1 64

1 1 60 64 INV
1 1 61 65 INV
2 1 64 65 66 AND
1 1 66 67 INV
1 1 67 68 INV
1 1 62 69 INV
2 1 68 69 70 AND
1 1 70 71 INV
1 1 71 72 INV
1 1 58 73 INV
1 1 59 74 INV
2 1 73 74 75 AND
1 1 75 76 INV
1 1 76 77 INV
1 1 56 78 INV
1 1 57 79 INV
2 1 78 79 80 AND
1 1 80 81 INV
1 1 81 82 INV
2 1 77 82 83 AND
1 1 83 84 INV
1 1 84 85 INV
1 1 54 86 INV
1 1 55 87 INV
2 1 86 87 88 AND
1 1 88 89 INV
1 1 89 90 INV
1 1 52 91 INV
1 1 53 92 INV
2 1 91 92 93 AND
1 1 93 94 INV
1 1 94 95 INV
2 1 90 95 96 AND
1 1 96 97 INV
1 1 97 98 INV
2 1 85 98 99 AND
1 1 99 100 INV
1 1 100 101 INV
2 1 72 101 102 AND
1 1 102 103 INV
1 1 103 104 INV
1 1 104 105 INV
1 1 50 106 INV
1 1 51 107 INV
2 1 106 107 108 AND
1 1 108 109 INV
1 1 109 110 INV
1 1 48 111 INV
1 1 49 112 INV
2 1 111 112 113 AND
1 1 113 114 INV
1 1 114 115 INV
2 1 110 115 116 AND
1 1 116 117 INV
1 1 117 118 INV
2 1 105 118 119 AND
1 1 119 120 INV
1 1 120 121 INV
1 1 38 122 INV
1 1 39 123 INV
2 1 122 123 124 AND
1 1 124 125 INV
1 1 125 126 INV
1 1 36 127 INV
1 1 37 128 INV
2 1 127 128 129 AND
1 1 129 130 INV
1 1 130 131 INV
2 1 126 131 132 AND
1 1 132 133 INV
1 1 133 134 INV
1 1 34 135 INV
1 1 35 136 INV
2 1 135 136 137 AND
1 1 137 138 INV
1 1 138 139 INV
1 1 32 140 INV
1 1 33 141 INV
2 1 140 141 142 AND
1 1 142 143 INV
1 1 143 144 INV
2 1 139 144 145 AND
1 1 145 146 INV
1 1 146 147 INV
2 1 134 147 148 AND
1 1 148 149 INV
1 1 149 150 INV
1 1 46 151 INV
1 1 47 152 INV
2 1 151 152 153 AND
1 1 153 154 INV
1 1 154 155 INV
1 1 44 156 INV
1 1 45 157 INV
2 1 156 157 158 AND
1 1 158 159 INV
1 1 159 160 INV
2 1 155 160 161 AND
1 1 161 162 INV
1 1 162 163 INV
1 1 42 164 INV
1 1 43 165 INV
2 1 164 165 166 AND
1 1 166 167 INV
1 1 167 168 INV
1 1 40 169 INV
1 1 41 170 INV
2 1 169 170 171 AND
1 1 171 172 INV
1 1 172 173 INV
2 1 168 173 174 AND
1 1 174 175 INV
1 1 175 176 INV
2 1 163 176 177 AND
1 1 177 178 INV
1 1 178 179 INV
2 1 150 179 180 AND
1 1 180 181 INV
1 1 181 182 INV
2 1 121 182 183 AND
1 1 183 184 INV
1 1 184 185 INV
1 1 14 186 INV
1 1 15 187 INV
2 1 186 187 188 AND
1 1 188 189 INV
1 1 189 190 INV
1 1 12 191 INV
1 1 13 192 INV
2 1 191 192 193 AND
1 1 193 194 INV
1 1 194 195 INV
2 1 190 195 196 AND
1 1 196 197 INV
1 1 197 198 INV
1 1 10 199 INV
1 1 11 200 INV
2 1 199 200 201 AND
1 1 201 202 INV
1 1 202 203 INV
1 1 8 204 INV
1 1 9 205 INV
2 1 204 205 206 AND
1 1 206 207 INV
1 1 207 208 INV
2 1 203 208 209 AND
1 1 209 210 INV
1 1 210 211 INV
2 1 198 211 212 AND
1 1 212 213 INV
1 1 213 214 INV
1 1 6 215 INV
1 1 7 216 INV
2 1 215 216 217 AND
1 1 217 218 INV
1 1 218 219 INV
1 1 4 220 INV
1 1 5 221 INV
2 1 220 221 222 AND
1 1 222 223 INV
1 1 223 224 INV
2 1 219 224 225 AND
1 1 225 226 INV
1 1 226 227 INV
1 1 2 228 INV
1 1 3 229 INV
2 1 228 229 230 AND
1 1 230 231 INV
1 1 231 232 INV
1 1 0 233 INV
1 1 1 234 INV
2 1 233 234 235 AND
1 1 235 236 INV
1 1 236 237 INV
2 1 232 237 238 AND
1 1 238 239 INV
1 1 239 240 INV
2 1 227 240 241 AND
1 1 241 242 INV
1 1 242 243 INV
2 1 214 243 244 AND
1 1 244 245 INV
1 1 245 246 INV
1 1 26 247 INV
1 1 27 248 INV
2 1 247 248 249 AND
1 1 249 250 INV
1 1 250 251 INV
1 1 24 252 INV
1 1 25 253 INV
2 1 252 253 254 AND
1 1 254 255 INV
1 1 255 256 INV
2 1 251 256 257 AND
1 1 257 258 INV
1 1 258 259 INV
1 1 28 260 INV
1 1 29 261 INV
2 1 260 261 262 AND
1 1 262 263 INV
1 1 263 264 INV
1 1 30 265 INV
1 1 31 266 INV
2 1 265 266 267 AND
1 1 267 268 INV
1 1 268 269 INV
2 1 264 269 270 AND
1 1 270 271 INV
1 1 271 272 INV
2 1 259 272 273 AND
1 1 273 274 INV
1 1 274 275 INV
1 1 18 276 INV
1 1 19 277 INV
2 1 276 277 278 AND
1 1 278 279 INV
1 1 279 280 INV
1 1 16 281 INV
1 1 17 282 INV
2 1 281 282 283 AND
1 1 283 284 INV
1 1 284 285 INV
2 1 280 285 286 AND
1 1 286 287 INV
1 1 287 288 INV
1 1 20 289 INV
1 1 21 290 INV
2 1 289 290 291 AND
1 1 291 292 INV
1 1 292 293 INV
1 1 22 294 INV
1 1 23 295 INV
2 1 294 295 296 AND
1 1 296 297 INV
1 1 297 298 INV
2 1 293 298 299 AND
1 1 299 300 INV
1 1 300 301 INV
2 1 288 301 302 AND
1 1 302 303 INV
1 1 303 304 INV
2 1 275 304 305 AND
1 1 305 306 INV
1 1 306 307 INV
2 1 246 307 308 AND
1 1 308 309 INV
1 1 309 310 INV
2 1 185 310 311 AND
1 1 311 312 INV
2 1 60 61 313 AND
2 1 313 62 314 AND
2 1 58 59 315 AND
2 1 56 57 316 AND
2 1 315 316 317 AND
2 1 52 53 318 AND
2 1 54 55 319 AND
2 1 318 319 320 AND
2 1 317 320 321 AND
2 1 314 321 322 AND
2 1 312 322 323 AND
1 1 323 324 INV
2 1 324 63 325 AND
1 1 325 326 INV
2 1 320 56 327 XOR
1 1 327 328 INV
2 1 328 320 329 AND
2 1 329 57 330 XOR
1 1 330 331 INV
2 1 331 329 332 AND
2 1 332 58 333 XOR
1 1 332 334 INV
2 1 333 334 335 AND
2 1 335 332 336 XOR
2 1 336 59 337 XOR
1 1 336 338 INV
2 1 337 338 339 AND
2 1 339 336 340 XOR
2 1 340 60 341 XOR
1 1 340 342 INV
2 1 341 342 343 AND
2 1 343 340 344 XOR
2 1 344 61 345 XOR
1 1 344 346 INV
2 1 345 346 347 AND
2 1 347 344 348 XOR
2 1 348 62 349 XOR
1 1 349 350 INV
2 1 348 350 351 AND
2 1 326 351 352 AND
1 1 54 353 INV
2 1 54 55 354 XOR
1 1 354 355 INV
2 1 353 355 356 AND
2 1 356 56 357 XOR
1 1 357 358 INV
2 1 89 358 359 AND
2 1 359 356 360 XOR
1 1 360 361 INV
1 1 57 362 INV
2 1 361 362 363 AND
1 1 363 364 INV
2 1 360 364 365 XOR
1 1 365 366 INV
1 1 58 367 INV
2 1 366 367 368 AND
1 1 368 369 INV
1 1 369 370 INV
1 1 59 371 INV
2 1 370 371 372 AND
1 1 372 373 INV
1 1 373 374 INV
1 1 60 375 INV
2 1 374 375 376 AND
1 1 376 377 INV
2 1 377 61 378 XOR
1 1 378 379 INV
2 1 365 58 380 XOR
1 1 380 381 INV
2 1 369 59 382 XOR
1 1 382 383 INV
2 1 381 383 384 AND
1 1 384 385 INV
1 1 385 386 INV
2 1 373 60 387 XOR
1 1 387 388 INV
2 1 386 388 389 AND
1 1 389 390 INV
1 1 390 391 INV
2 1 379 391 392 AND
1 1 392 393 INV
1 1 393 394 INV
1 1 377 395 INV
1 1 61 396 INV
2 1 395 396 397 AND
1 1 397 398 INV
2 1 398 62 399 XOR
1 1 399 400 INV
1 1 400 401 INV
2 1 394 401 402 AND
1 1 402 403 INV
1 1 398 404 INV
1 1 404 405 INV
1 1 62 406 INV
2 1 405 406 407 AND
1 1 407 408 INV
2 1 408 398 409 XOR
2 1 403 409 410 XOR
1 1 52 411 INV
2 1 0 1 412 XOR
2 1 411 412 413 AND
2 1 413 0 414 XOR
1 1 53 415 INV
2 1 2 3 416 XOR
2 1 411 416 417 AND
2 1 417 2 418 XOR
2 1 414 418 419 XOR
2 1 415 419 420 AND
2 1 414 420 421 XOR
2 1 4 5 422 XOR
2 1 411 422 423 AND
2 1 423 4 424 XOR
2 1 6 7 425 XOR
2 1 411 425 426 AND
2 1 426 6 427 XOR
2 1 424 427 428 XOR
2 1 415 428 429 AND
2 1 424 429 430 XOR
2 1 421 430 431 XOR
2 1 431 54 432 AND
2 1 421 432 433 XOR
2 1 8 9 434 XOR
2 1 411 434 435 AND
2 1 435 8 436 XOR
2 1 10 11 437 XOR
2 1 411 437 438 AND
2 1 438 10 439 XOR
2 1 436 439 440 XOR
2 1 415 440 441 AND
2 1 436 441 442 XOR
2 1 12 13 443 XOR
2 1 411 443 444 AND
2 1 444 12 445 XOR
2 1 14 15 446 XOR
2 1 411 446 447 AND
2 1 447 14 448 XOR
2 1 445 448 449 XOR
2 1 415 449 450 AND
2 1 445 450 451 XOR
2 1 442 451 452 XOR
2 1 452 54 453 AND
2 1 442 453 454 XOR
2 1 433 454 455 XOR
2 1 455 354 456 AND
2 1 433 456 457 XOR
2 1 16 17 458 XOR
2 1 411 458 459 AND
2 1 459 16 460 XOR
2 1 18 19 461 XOR
2 1 411 461 462 AND
2 1 462 18 463 XOR
2 1 460 463 464 XOR
2 1 415 464 465 AND
2 1 460 465 466 XOR
2 1 20 21 467 XOR
2 1 411 467 468 AND
2 1 468 20 469 XOR
2 1 22 23 470 XOR
2 1 411 470 471 AND
2 1 471 22 472 XOR
2 1 469 472 473 XOR
2 1 415 473 474 AND
2 1 469 474 475 XOR
2 1 466 475 476 XOR
2 1 476 54 477 AND
2 1 466 477 478 XOR
2 1 24 25 479 XOR
2 1 411 479 480 AND
2 1 480 24 481 XOR
2 1 26 27 482 XOR
2 1 411 482 483 AND
2 1 483 26 484 XOR
2 1 481 484 485 XOR
2 1 415 485 486 AND
2 1 481 486 487 XOR
2 1 28 29 488 XOR
2 1 411 488 489 AND
2 1 489 28 490 XOR
2 1 30 31 491 XOR
2 1 411 491 492 AND
2 1 492 30 493 XOR
2 1 490 493 494 XOR
2 1 415 494 495 AND
2 1 490 495 496 XOR
2 1 487 496 497 XOR
2 1 497 54 498 AND
2 1 487 498 499 XOR
2 1 478 499 500 XOR
2 1 500 354 501 AND
2 1 478 501 502 XOR
2 1 457 502 503 XOR
2 1 503 357 504 AND
2 1 457 504 505 XOR
2 1 32 33 506 XOR
2 1 411 506 507 AND
2 1 507 32 508 XOR
2 1 34 35 509 XOR
2 1 411 509 510 AND
2 1 510 34 511 XOR
2 1 508 511 512 XOR
2 1 415 512 513 AND
2 1 508 513 514 XOR
2 1 36 37 515 XOR
2 1 411 515 516 AND
2 1 516 36 517 XOR
2 1 38 39 518 XOR
2 1 411 518 519 AND
2 1 519 38 520 XOR
2 1 517 520 521 XOR
2 1 415 521 522 AND
2 1 517 522 523 XOR
2 1 514 523 524 XOR
2 1 524 54 525 AND
2 1 514 525 526 XOR
2 1 40 41 527 XOR
2 1 411 527 528 AND
2 1 528 40 529 XOR
2 1 42 43 530 XOR
2 1 411 530 531 AND
2 1 531 42 532 XOR
2 1 529 532 533 XOR
2 1 415 533 534 AND
2 1 529 534 535 XOR
2 1 44 45 536 XOR
2 1 411 536 537 AND
2 1 537 44 538 XOR
2 1 46 47 539 XOR
2 1 411 539 540 AND
2 1 540 46 541 XOR
2 1 538 541 542 XOR
2 1 415 542 543 AND
2 1 538 543 544 XOR
2 1 535 544 545 XOR
2 1 545 54 546 AND
2 1 535 546 547 XOR
2 1 526 547 548 XOR
2 1 548 354 549 AND
2 1 526 549 550 XOR
2 1 48 49 551 XOR
2 1 411 551 552 AND
2 1 552 48 553 XOR
2 1 50 51 554 XOR
2 1 411 554 555 AND
2 1 555 50 556 XOR
2 1 553 556 557 XOR
2 1 415 557 558 AND
2 1 553 558 559 XOR
2 1 559 318 560 XOR
2 1 560 54 561 AND
2 1 559 561 562 XOR
2 1 562 355 563 AND
2 1 550 563 564 XOR
2 1 564 357 565 AND
2 1 550 565 566 XOR
2 1 505 566 567 XOR
2 1 360 57 568 XOR
2 1 567 568 569 AND
2 1 505 569 570 XOR
2 1 410 570 571 AND
1 1 571 572 INV
1 1 385 573 INV
1 1 568 574 INV
1 1 357 575 INV
2 1 574 575 576 AND
1 1 576 577 INV
1 1 577 578 INV
2 1 573 578 579 AND
1 1 579 580 INV
1 1 580 581 INV
1 1 89 582 INV
1 1 318 583 INV
1 1 583 584 INV
2 1 582 584 585 AND
1 1 585 586 INV
1 1 586 587 INV
2 1 581 587 588 AND
1 1 588 589 INV
1 1 589 590 INV
1 1 387 591 INV
1 1 378 592 INV
2 1 591 592 593 AND
1 1 593 594 INV
1 1 594 595 INV
1 1 400 596 INV
2 1 595 596 597 AND
1 1 597 598 INV
1 1 598 599 INV
2 1 590 599 600 AND
1 1 600 601 INV
1 1 598 602 INV
1 1 586 603 INV
1 1 577 604 INV
1 1 380 605 INV
1 1 605 606 INV
1 1 382 607 INV
2 1 606 607 608 AND
1 1 608 609 INV
1 1 609 610 INV
2 1 604 610 611 AND
1 1 611 612 INV
1 1 612 613 INV
2 1 603 613 614 AND
1 1 614 615 INV
1 1 615 616 INV
2 1 602 616 617 AND
1 1 617 618 INV
1 1 618 619 INV
2 1 619 24 620 AND
2 1 7 8 621 XOR
2 1 411 621 622 AND
2 1 622 8 623 XOR
2 1 52 53 624 XOR
2 1 5 6 625 XOR
2 1 411 625 626 AND
2 1 626 6 627 XOR
2 1 623 627 628 XOR
2 1 624 628 629 AND
2 1 623 629 630 XOR
2 1 3 4 631 XOR
2 1 411 631 632 AND
2 1 632 4 633 XOR
2 1 1 2 634 XOR
2 1 411 634 635 AND
2 1 635 2 636 XOR
2 1 633 636 637 XOR
2 1 624 637 638 AND
2 1 633 638 639 XOR
2 1 630 639 640 XOR
2 1 318 54 641 XOR
1 1 641 642 INV
2 1 640 642 643 AND
2 1 630 643 644 XOR
1 1 624 645 INV
2 1 0 52 646 AND
2 1 645 646 647 AND
2 1 647 641 648 AND
2 1 644 648 649 XOR
2 1 353 318 650 AND
2 1 650 354 651 XOR
1 1 651 652 INV
2 1 649 652 653 AND
2 1 644 653 654 XOR
2 1 21 22 655 XOR
2 1 411 655 656 AND
2 1 656 22 657 XOR
2 1 23 24 658 XOR
2 1 411 658 659 AND
2 1 659 24 660 XOR
2 1 657 660 661 XOR
2 1 624 661 662 AND
2 1 662 660 663 XOR
2 1 19 20 664 XOR
2 1 411 664 665 AND
2 1 665 20 666 XOR
2 1 17 18 667 XOR
2 1 411 667 668 AND
2 1 668 18 669 XOR
2 1 666 669 670 XOR
2 1 624 670 671 AND
2 1 666 671 672 XOR
2 1 663 672 673 XOR
2 1 673 642 674 AND
2 1 663 674 675 XOR
2 1 13 14 676 XOR
2 1 411 676 677 AND
2 1 677 14 678 XOR
2 1 15 16 679 XOR
2 1 411 679 680 AND
2 1 680 16 681 XOR
2 1 678 681 682 XOR
2 1 624 682 683 AND
2 1 683 681 684 XOR
2 1 11 12 685 XOR
2 1 411 685 686 AND
2 1 686 12 687 XOR
2 1 9 10 688 XOR
2 1 411 688 689 AND
2 1 689 10 690 XOR
2 1 687 690 691 XOR
2 1 624 691 692 AND
2 1 687 692 693 XOR
2 1 693 684 694 XOR
2 1 694 642 695 AND
2 1 684 695 696 XOR
2 1 696 675 697 XOR
2 1 697 652 698 AND
2 1 675 698 699 XOR
2 1 654 699 700 XOR
2 1 650 355 701 AND
2 1 701 357 702 XOR
1 1 702 703 INV
2 1 700 703 704 AND
2 1 704 699 705 XOR
2 1 701 358 706 AND
2 1 706 568 707 XOR
2 1 705 707 708 AND
2 1 620 708 709 XOR
2 1 410 709 710 AND
2 1 620 710 711 XOR
1 1 711 712 INV
2 1 619 23 713 AND
2 1 471 23 714 XOR
2 1 468 21 715 XOR
2 1 714 715 716 XOR
2 1 624 716 717 AND
2 1 714 717 718 XOR
2 1 462 19 719 XOR
2 1 459 17 720 XOR
2 1 719 720 721 XOR
2 1 624 721 722 AND
2 1 719 722 723 XOR
2 1 723 718 724 XOR
2 1 724 642 725 AND
2 1 718 725 726 XOR
2 1 438 11 727 XOR
2 1 435 9 728 XOR
2 1 727 728 729 XOR
2 1 624 729 730 AND
2 1 727 730 731 XOR
2 1 444 13 732 XOR
2 1 447 15 733 XOR
2 1 732 733 734 XOR
2 1 624 734 735 AND
2 1 735 733 736 XOR
2 1 731 736 737 XOR
2 1 737 642 738 AND
2 1 738 736 739 XOR
2 1 726 739 740 XOR
2 1 740 652 741 AND
2 1 726 741 742 XOR
2 1 426 7 743 XOR
2 1 423 5 744 XOR
2 1 744 743 745 XOR
2 1 624 745 746 AND
2 1 743 746 747 XOR
2 1 417 3 748 XOR
2 1 413 1 749 XOR
2 1 748 749 750 XOR
2 1 624 750 751 AND
2 1 748 751 752 XOR
2 1 752 747 753 XOR
2 1 753 642 754 AND
2 1 747 754 755 XOR
2 1 755 651 756 AND
2 1 742 756 757 XOR
2 1 757 703 758 AND
2 1 742 758 759 XOR
2 1 759 707 760 AND
2 1 713 760 761 XOR
2 1 410 761 762 AND
2 1 713 762 763 XOR
1 1 763 764 INV
2 1 712 764 765 AND
1 1 765 766 INV
1 1 766 767 INV
2 1 619 26 768 AND
2 1 25 26 769 XOR
2 1 411 769 770 AND
2 1 770 26 771 XOR
2 1 771 660 772 XOR
2 1 624 772 773 AND
2 1 771 773 774 XOR
2 1 657 666 775 XOR
2 1 624 775 776 AND
2 1 657 776 777 XOR
2 1 774 777 778 XOR
2 1 778 642 779 AND
2 1 774 779 780 XOR
2 1 669 681 781 XOR
2 1 624 781 782 AND
2 1 669 782 783 XOR
2 1 678 687 784 XOR
2 1 624 784 785 AND
2 1 678 785 786 XOR
2 1 783 786 787 XOR
2 1 787 642 788 AND
2 1 783 788 789 XOR
2 1 780 789 790 XOR
2 1 790 652 791 AND
2 1 780 791 792 XOR
2 1 633 627 793 XOR
2 1 624 793 794 AND
2 1 794 627 795 XOR
2 1 690 623 796 XOR
2 1 624 796 797 AND
2 1 690 797 798 XOR
2 1 795 798 799 XOR
2 1 799 642 800 AND
2 1 800 798 801 XOR
2 1 636 646 802 XOR
2 1 624 802 803 AND
2 1 636 803 804 XOR
2 1 804 641 805 AND
2 1 801 805 806 XOR
2 1 806 652 807 AND
2 1 801 807 808 XOR
2 1 792 808 809 XOR
2 1 809 703 810 AND
2 1 792 810 811 XOR
2 1 811 707 812 AND
2 1 768 812 813 XOR
2 1 410 813 814 AND
2 1 768 814 815 XOR
1 1 815 816 INV
2 1 619 25 817 AND
2 1 480 25 818 XOR
2 1 714 818 819 XOR
2 1 624 819 820 AND
2 1 818 820 821 XOR
2 1 719 715 822 XOR
2 1 624 822 823 AND
2 1 715 823 824 XOR
2 1 824 821 825 XOR
2 1 825 642 826 AND
2 1 821 826 827 XOR
2 1 720 733 828 XOR
2 1 624 828 829 AND
2 1 829 720 830 XOR
2 1 732 727 831 XOR
2 1 624 831 832 AND
2 1 732 832 833 XOR
2 1 830 833 834 XOR
2 1 834 642 835 AND
2 1 830 835 836 XOR
2 1 836 827 837 XOR
2 1 837 652 838 AND
2 1 827 838 839 XOR
2 1 744 748 840 XOR
2 1 624 840 841 AND
2 1 744 841 842 XOR
2 1 728 743 843 XOR
2 1 624 843 844 AND
2 1 844 728 845 XOR
2 1 842 845 846 XOR
2 1 846 642 847 AND
2 1 847 845 848 XOR
2 1 749 645 849 AND
2 1 849 641 850 AND
2 1 848 850 851 XOR
2 1 851 652 852 AND
2 1 848 852 853 XOR
2 1 853 839 854 XOR
2 1 854 703 855 AND
2 1 839 855 856 XOR
2 1 856 707 857 AND
2 1 817 857 858 XOR
2 1 410 858 859 AND
2 1 817 859 860 XOR
1 1 860 861 INV
2 1 816 861 862 AND
1 1 862 863 INV
1 1 863 864 INV
2 1 767 864 865 AND
1 1 865 866 INV
1 1 866 867 INV
2 1 619 30 868 AND
2 1 29 30 869 XOR
2 1 411 869 870 AND
2 1 870 30 871 XOR
2 1 27 28 872 XOR
2 1 411 872 873 AND
2 1 873 28 874 XOR
2 1 871 874 875 XOR
2 1 624 875 876 AND
2 1 871 876 877 XOR
2 1 877 774 878 XOR
2 1 878 642 879 AND
2 1 877 879 880 XOR
2 1 783 777 881 XOR
2 1 881 642 882 AND
2 1 882 777 883 XOR
2 1 880 883 884 XOR
2 1 884 652 885 AND
2 1 880 885 886 XOR
2 1 804 795 887 XOR
2 1 887 642 888 AND
2 1 888 795 889 XOR
2 1 786 798 890 XOR
2 1 890 642 891 AND
2 1 786 891 892 XOR
2 1 889 892 893 XOR
2 1 893 652 894 AND
2 1 894 892 895 XOR
2 1 886 895 896 XOR
2 1 896 703 897 AND
2 1 886 897 898 XOR
2 1 898 707 899 AND
2 1 868 899 900 XOR
2 1 410 900 901 AND
2 1 868 901 902 XOR
1 1 902 903 INV
2 1 619 29 904 AND
2 1 830 824 905 XOR
2 1 905 642 906 AND
2 1 824 906 907 XOR
2 1 489 29 908 XOR
2 1 483 27 909 XOR
2 1 908 909 910 XOR
2 1 624 910 911 AND
2 1 908 911 912 XOR
2 1 821 912 913 XOR
2 1 913 642 914 AND
2 1 912 914 915 XOR
2 1 907 915 916 XOR
2 1 916 652 917 AND
2 1 917 915 918 XOR
2 1 833 845 919 XOR
2 1 919 642 920 AND
2 1 833 920 921 XOR
2 1 842 849 922 XOR
2 1 922 642 923 AND
2 1 842 923 924 XOR
2 1 921 924 925 XOR
2 1 925 652 926 AND
2 1 921 926 927 XOR
2 1 927 918 928 XOR
2 1 928 703 929 AND
2 1 918 929 930 XOR
2 1 930 707 931 AND
2 1 904 931 932 XOR
2 1 410 932 933 AND
2 1 904 933 934 XOR
1 1 934 935 INV
2 1 903 935 936 AND
1 1 936 937 INV
1 1 937 938 INV
2 1 619 28 939 AND
2 1 771 874 940 XOR
2 1 624 940 941 AND
2 1 874 941 942 XOR
2 1 663 942 943 XOR
2 1 943 642 944 AND
2 1 944 942 945 XOR
2 1 672 684 946 XOR
2 1 946 642 947 AND
2 1 672 947 948 XOR
2 1 948 945 949 XOR
2 1 949 652 950 AND
2 1 945 950 951 XOR
2 1 693 630 952 XOR
2 1 952 642 953 AND
2 1 693 953 954 XOR
2 1 639 647 955 XOR
2 1 955 642 956 AND
2 1 639 956 957 XOR
2 1 954 957 958 XOR
2 1 958 652 959 AND
2 1 954 959 960 XOR
2 1 960 951 961 XOR
2 1 961 703 962 AND
2 1 951 962 963 XOR
2 1 963 707 964 AND
2 1 939 964 965 XOR
2 1 410 965 966 AND
2 1 939 966 967 XOR
1 1 967 968 INV
2 1 619 27 969 AND
2 1 909 818 970 XOR
2 1 624 970 971 AND
2 1 909 971 972 XOR
2 1 972 718 973 XOR
2 1 973 642 974 AND
2 1 972 974 975 XOR
2 1 723 736 976 XOR
2 1 976 642 977 AND
2 1 723 977 978 XOR
2 1 978 975 979 XOR
2 1 979 652 980 AND
2 1 975 980 981 XOR
2 1 731 747 982 XOR
2 1 982 642 983 AND
2 1 731 983 984 XOR
2 1 752 641 985 AND
2 1 984 985 986 XOR
2 1 986 652 987 AND
2 1 984 987 988 XOR
2 1 988 981 989 XOR
2 1 989 703 990 AND
2 1 981 990 991 XOR
2 1 991 707 992 AND
2 1 969 992 993 XOR
2 1 410 993 994 AND
2 1 969 994 995 XOR
1 1 995 996 INV
2 1 968 996 997 AND
1 1 997 998 INV
1 1 998 999 INV
2 1 938 999 1000 AND
1 1 1000 1001 INV
1 1 1001 1002 INV
2 1 867 1002 1003 AND
1 1 1003 1004 INV
1 1 1004 1005 INV
2 1 619 16 1006 AND
2 1 644 696 1007 XOR
2 1 1007 652 1008 AND
2 1 696 1008 1009 XOR
2 1 648 651 1010 AND
2 1 1009 1010 1011 XOR
2 1 1011 703 1012 AND
2 1 1009 1012 1013 XOR
2 1 1013 707 1014 AND
2 1 1006 1014 1015 XOR
2 1 410 1015 1016 AND
2 1 1006 1016 1017 XOR
1 1 1017 1018 INV
2 1 619 15 1019 AND
2 1 755 739 1020 XOR
2 1 1020 652 1021 AND
2 1 1021 739 1022 XOR
2 1 1022 702 1023 AND
2 1 1023 707 1024 AND
2 1 1019 1024 1025 XOR
2 1 410 1025 1026 AND
2 1 1019 1026 1027 XOR
1 1 1027 1028 INV
2 1 1018 1028 1029 AND
1 1 1029 1030 INV
1 1 1030 1031 INV
2 1 619 18 1032 AND
2 1 789 801 1033 XOR
2 1 1033 652 1034 AND
2 1 789 1034 1035 XOR
2 1 805 651 1036 AND
2 1 1035 1036 1037 XOR
2 1 1037 703 1038 AND
2 1 1035 1038 1039 XOR
2 1 1039 707 1040 AND
2 1 1032 1040 1041 XOR
2 1 410 1041 1042 AND
2 1 1032 1042 1043 XOR
1 1 1043 1044 INV
2 1 619 17 1045 AND
2 1 836 848 1046 XOR
2 1 1046 652 1047 AND
2 1 836 1047 1048 XOR
2 1 850 651 1049 AND
2 1 1048 1049 1050 XOR
2 1 1050 703 1051 AND
2 1 1048 1051 1052 XOR
2 1 1052 707 1053 AND
2 1 1045 1053 1054 XOR
2 1 410 1054 1055 AND
2 1 1045 1055 1056 XOR
1 1 1056 1057 INV
2 1 1044 1057 1058 AND
1 1 1058 1059 INV
1 1 1059 1060 INV
2 1 1031 1060 1061 AND
1 1 1061 1062 INV
1 1 1062 1063 INV
2 1 619 22 1064 AND
2 1 892 883 1065 XOR
2 1 1065 652 1066 AND
2 1 883 1066 1067 XOR
2 1 889 651 1068 AND
2 1 1067 1068 1069 XOR
2 1 1069 703 1070 AND
2 1 1067 1070 1071 XOR
2 1 1071 707 1072 AND
2 1 1064 1072 1073 XOR
2 1 410 1073 1074 AND
2 1 1064 1074 1075 XOR
1 1 1075 1076 INV
2 1 619 21 1077 AND
2 1 921 907 1078 XOR
2 1 1078 652 1079 AND
2 1 1079 907 1080 XOR
2 1 924 651 1081 AND
2 1 1080 1081 1082 XOR
2 1 1082 703 1083 AND
2 1 1080 1083 1084 XOR
2 1 1084 707 1085 AND
2 1 1077 1085 1086 XOR
2 1 410 1086 1087 AND
2 1 1077 1087 1088 XOR
1 1 1088 1089 INV
2 1 1076 1089 1090 AND
1 1 1090 1091 INV
1 1 1091 1092 INV
2 1 619 20 1093 AND
2 1 948 954 1094 XOR
2 1 1094 652 1095 AND
2 1 948 1095 1096 XOR
2 1 957 651 1097 AND
2 1 1096 1097 1098 XOR
2 1 1098 703 1099 AND
2 1 1096 1099 1100 XOR
2 1 1100 707 1101 AND
2 1 1093 1101 1102 XOR
2 1 410 1102 1103 AND
2 1 1093 1103 1104 XOR
1 1 1104 1105 INV
2 1 619 19 1106 AND
2 1 978 984 1107 XOR
2 1 1107 652 1108 AND
2 1 978 1108 1109 XOR
2 1 985 651 1110 AND
2 1 1109 1110 1111 XOR
2 1 1111 703 1112 AND
2 1 1109 1112 1113 XOR
2 1 1113 707 1114 AND
2 1 1106 1114 1115 XOR
2 1 410 1115 1116 AND
2 1 1106 1116 1117 XOR
1 1 1117 1118 INV
2 1 1105 1118 1119 AND
1 1 1119 1120 INV
1 1 1120 1121 INV
2 1 1092 1121 1122 AND
1 1 1122 1123 INV
1 1 1123 1124 INV
2 1 1063 1124 1125 AND
1 1 1125 1126 INV
1 1 1126 1127 INV
2 1 1005 1127 1128 AND
1 1 1128 1129 INV
1 1 1129 1130 INV
2 1 619 6 1131 AND
2 1 1068 702 1132 AND
2 1 1132 707 1133 AND
2 1 1131 1133 1134 XOR
2 1 410 1134 1135 AND
2 1 1131 1135 1136 XOR
1 1 1136 1137 INV
2 1 619 5 1138 AND
2 1 1081 702 1139 AND
2 1 1139 707 1140 AND
2 1 1138 1140 1141 XOR
2 1 410 1141 1142 AND
2 1 1138 1142 1143 XOR
1 1 1143 1144 INV
2 1 1137 1144 1145 AND
1 1 1145 1146 INV
1 1 1146 1147 INV
2 1 619 4 1148 AND
2 1 1097 702 1149 AND
2 1 1149 707 1150 AND
2 1 1148 1150 1151 XOR
2 1 410 1151 1152 AND
2 1 1148 1152 1153 XOR
1 1 1153 1154 INV
2 1 619 3 1155 AND
2 1 1110 702 1156 AND
2 1 1156 707 1157 AND
2 1 1155 1157 1158 XOR
2 1 410 1158 1159 AND
2 1 1155 1159 1160 XOR
1 1 1160 1161 INV
2 1 1154 1161 1162 AND
1 1 1162 1163 INV
1 1 1163 1164 INV
2 1 1147 1164 1165 AND
1 1 1165 1166 INV
1 1 1166 1167 INV
1 1 103 1168 INV
1 1 117 1169 INV
2 1 1168 1169 1170 AND
1 1 1170 1171 INV
1 1 1171 1172 INV
1 1 181 1173 INV
2 1 1172 1173 1174 AND
1 1 1174 1175 INV
1 1 1175 1176 INV
1 1 309 1177 INV
2 1 1176 1177 1178 AND
1 1 1178 1179 INV
2 1 1179 0 1180 XOR
2 1 619 1180 1181 AND
2 1 1179 1181 1182 XOR
2 1 1010 702 1183 AND
2 1 1183 707 1184 AND
2 1 1182 1184 1185 XOR
2 1 410 1185 1186 AND
2 1 1182 1186 1187 XOR
1 1 1187 1188 INV
2 1 619 2 1189 AND
2 1 1036 702 1190 AND
2 1 1190 707 1191 AND
2 1 1189 1191 1192 XOR
2 1 410 1192 1193 AND
2 1 1189 1193 1194 XOR
1 1 1194 1195 INV
2 1 619 1 1196 AND
2 1 1049 702 1197 AND
2 1 1197 707 1198 AND
2 1 1196 1198 1199 XOR
2 1 410 1199 1200 AND
2 1 1196 1200 1201 XOR
1 1 1201 1202 INV
2 1 1195 1202 1203 AND
1 1 1203 1204 INV
1 1 1204 1205 INV
2 1 1188 1205 1206 AND
1 1 1206 1207 INV
1 1 1207 1208 INV
2 1 1167 1208 1209 AND
1 1 1209 1210 INV
1 1 1210 1211 INV
2 1 619 10 1212 AND
2 1 808 702 1213 AND
2 1 1213 707 1214 AND
2 1 1212 1214 1215 XOR
2 1 410 1215 1216 AND
2 1 1212 1216 1217 XOR
1 1 1217 1218 INV
2 1 619 9 1219 AND
2 1 853 702 1220 AND
2 1 1220 707 1221 AND
2 1 1219 1221 1222 XOR
2 1 410 1222 1223 AND
2 1 1219 1223 1224 XOR
1 1 1224 1225 INV
2 1 1218 1225 1226 AND
1 1 1226 1227 INV
1 1 1227 1228 INV
2 1 619 8 1229 AND
2 1 654 702 1230 AND
2 1 1230 707 1231 AND
2 1 1229 1231 1232 XOR
2 1 410 1232 1233 AND
2 1 1229 1233 1234 XOR
1 1 1234 1235 INV
2 1 619 7 1236 AND
2 1 756 702 1237 AND
2 1 1237 707 1238 AND
2 1 1236 1238 1239 XOR
2 1 410 1239 1240 AND
2 1 1236 1240 1241 XOR
1 1 1241 1242 INV
2 1 1235 1242 1243 AND
1 1 1243 1244 INV
1 1 1244 1245 INV
2 1 1228 1245 1246 AND
1 1 1246 1247 INV
1 1 1247 1248 INV
2 1 619 14 1249 AND
2 1 895 702 1250 AND
2 1 1250 707 1251 AND
2 1 1249 1251 1252 XOR
2 1 410 1252 1253 AND
2 1 1249 1253 1254 XOR
1 1 1254 1255 INV
2 1 619 13 1256 AND
2 1 927 702 1257 AND
2 1 1257 707 1258 AND
2 1 1256 1258 1259 XOR
2 1 410 1259 1260 AND
2 1 1256 1260 1261 XOR
1 1 1261 1262 INV
2 1 1255 1262 1263 AND
1 1 1263 1264 INV
1 1 1264 1265 INV
2 1 619 12 1266 AND
2 1 960 702 1267 AND
2 1 1267 707 1268 AND
2 1 1266 1268 1269 XOR
2 1 410 1269 1270 AND
2 1 1266 1270 1271 XOR
1 1 1271 1272 INV
2 1 619 11 1273 AND
2 1 988 702 1274 AND
2 1 1274 707 1275 AND
2 1 1273 1275 1276 XOR
2 1 410 1276 1277 AND
2 1 1273 1277 1278 XOR
1 1 1278 1279 INV
2 1 1272 1279 1280 AND
1 1 1280 1281 INV
1 1 1281 1282 INV
2 1 1265 1282 1283 AND
1 1 1283 1284 INV
1 1 1284 1285 INV
2 1 1248 1285 1286 AND
1 1 1286 1287 INV
1 1 1287 1288 INV
2 1 1211 1288 1289 AND
1 1 1289 1290 INV
1 1 1290 1291 INV
2 1 1130 1291 1292 AND
1 1 1292 1293 INV
1 1 1293 1294 INV
2 1 619 44 1295 AND
2 1 43 44 1296 XOR
2 1 411 1296 1297 AND
2 1 1297 44 1298 XOR
2 1 41 42 1299 XOR
2 1 411 1299 1300 AND
2 1 1300 42 1301 XOR
2 1 1301 1298 1302 XOR
2 1 624 1302 1303 AND
2 1 1298 1303 1304 XOR
2 1 39 40 1305 XOR
2 1 411 1305 1306 AND
2 1 1306 40 1307 XOR
2 1 37 38 1308 XOR
2 1 411 1308 1309 AND
2 1 1309 38 1310 XOR
2 1 1310 1307 1311 XOR
2 1 624 1311 1312 AND
2 1 1307 1312 1313 XOR
2 1 1304 1313 1314 XOR
2 1 1314 642 1315 AND
2 1 1304 1315 1316 XOR
2 1 35 36 1317 XOR
2 1 411 1317 1318 AND
2 1 1318 36 1319 XOR
2 1 33 34 1320 XOR
2 1 411 1320 1321 AND
2 1 1321 34 1322 XOR
2 1 1322 1319 1323 XOR
2 1 624 1323 1324 AND
2 1 1319 1324 1325 XOR
2 1 31 32 1326 XOR
2 1 411 1326 1327 AND
2 1 1327 32 1328 XOR
2 1 871 1328 1329 XOR
2 1 624 1329 1330 AND
2 1 1330 1328 1331 XOR
2 1 1331 1325 1332 XOR
2 1 1332 642 1333 AND
2 1 1325 1333 1334 XOR
2 1 1334 1316 1335 XOR
2 1 1335 652 1336 AND
2 1 1316 1336 1337 XOR
2 1 951 1337 1338 XOR
2 1 1338 703 1339 AND
2 1 1337 1339 1340 XOR
2 1 1340 1267 1341 XOR
1 1 707 1342 INV
2 1 1341 1342 1343 AND
2 1 1340 1343 1344 XOR
2 1 1295 1344 1345 XOR
2 1 410 1345 1346 AND
2 1 1295 1346 1347 XOR
1 1 1347 1348 INV
2 1 619 43 1349 AND
2 1 519 39 1350 XOR
2 1 516 37 1351 XOR
2 1 1350 1351 1352 XOR
2 1 624 1352 1353 AND
2 1 1350 1353 1354 XOR
2 1 531 43 1355 XOR
2 1 528 41 1356 XOR
2 1 1355 1356 1357 XOR
2 1 624 1357 1358 AND
2 1 1355 1358 1359 XOR
2 1 1354 1359 1360 XOR
2 1 1360 642 1361 AND
2 1 1361 1359 1362 XOR
2 1 510 35 1363 XOR
2 1 507 33 1364 XOR
2 1 1363 1364 1365 XOR
2 1 624 1365 1366 AND
2 1 1363 1366 1367 XOR
2 1 492 31 1368 XOR
2 1 1368 908 1369 XOR
2 1 624 1369 1370 AND
2 1 1368 1370 1371 XOR
2 1 1367 1371 1372 XOR
2 1 1372 642 1373 AND
2 1 1373 1367 1374 XOR
2 1 1362 1374 1375 XOR
2 1 1375 652 1376 AND
2 1 1362 1376 1377 XOR
2 1 1377 981 1378 XOR
2 1 1378 703 1379 AND
2 1 1377 1379 1380 XOR
2 1 1380 1274 1381 XOR
2 1 1381 1342 1382 AND
2 1 1382 1380 1383 XOR
2 1 1349 1383 1384 XOR
2 1 410 1384 1385 AND
2 1 1349 1385 1386 XOR
1 1 1386 1387 INV
2 1 1348 1387 1388 AND
1 1 1388 1389 INV
1 1 1389 1390 INV
2 1 619 46 1391 AND
2 1 45 46 1392 XOR
2 1 411 1392 1393 AND
2 1 1393 46 1394 XOR
2 1 1298 1394 1395 XOR
2 1 624 1395 1396 AND
2 1 1394 1396 1397 XOR
2 1 1307 1301 1398 XOR
2 1 624 1398 1399 AND
2 1 1301 1399 1400 XOR
2 1 1400 1397 1401 XOR
2 1 1401 642 1402 AND
2 1 1397 1402 1403 XOR
2 1 1310 1319 1404 XOR
2 1 624 1404 1405 AND
2 1 1310 1405 1406 XOR
2 1 1328 1322 1407 XOR
2 1 624 1407 1408 AND
2 1 1322 1408 1409 XOR
2 1 1406 1409 1410 XOR
2 1 1410 642 1411 AND
2 1 1406 1411 1412 XOR
2 1 1412 1403 1413 XOR
2 1 1413 652 1414 AND
2 1 1403 1414 1415 XOR
2 1 886 1415 1416 XOR
2 1 1416 703 1417 AND
2 1 1417 1415 1418 XOR
2 1 1418 1250 1419 XOR
2 1 1419 1342 1420 AND
2 1 1420 1418 1421 XOR
2 1 1391 1421 1422 XOR
2 1 410 1422 1423 AND
2 1 1391 1423 1424 XOR
1 1 1424 1425 INV
2 1 619 45 1426 AND
2 1 537 45 1427 XOR
2 1 1427 1355 1428 XOR
2 1 624 1428 1429 AND
2 1 1427 1429 1430 XOR
2 1 1350 1356 1431 XOR
2 1 624 1431 1432 AND
2 1 1432 1356 1433 XOR
2 1 1433 1430 1434 XOR
2 1 1434 642 1435 AND
2 1 1430 1435 1436 XOR
2 1 1351 1363 1437 XOR
2 1 624 1437 1438 AND
2 1 1351 1438 1439 XOR
2 1 1364 1368 1440 XOR
2 1 624 1440 1441 AND
2 1 1364 1441 1442 XOR
2 1 1442 1439 1443 XOR
2 1 1443 642 1444 AND
2 1 1439 1444 1445 XOR
2 1 1445 1436 1446 XOR
2 1 1446 652 1447 AND
2 1 1436 1447 1448 XOR
2 1 918 1448 1449 XOR
2 1 1449 703 1450 AND
2 1 1450 1448 1451 XOR
2 1 1451 1257 1452 XOR
2 1 1452 1342 1453 AND
2 1 1453 1451 1454 XOR
2 1 1426 1454 1455 XOR
2 1 410 1455 1456 AND
2 1 1426 1456 1457 XOR
1 1 1457 1458 INV
2 1 1425 1458 1459 AND
1 1 1459 1460 INV
1 1 1460 1461 INV
2 1 1390 1461 1462 AND
1 1 1462 1463 INV
1 1 1463 1464 INV
2 1 619 40 1465 AND
2 1 1325 1313 1466 XOR
2 1 1466 642 1467 AND
2 1 1313 1467 1468 XOR
2 1 1331 942 1469 XOR
2 1 1469 642 1470 AND
2 1 1331 1470 1471 XOR
2 1 1471 1468 1472 XOR
2 1 1472 652 1473 AND
2 1 1468 1473 1474 XOR
2 1 699 1474 1475 XOR
2 1 1475 703 1476 AND
2 1 1476 1474 1477 XOR
2 1 1477 1230 1478 XOR
2 1 1478 1342 1479 AND
2 1 1477 1479 1480 XOR
2 1 1465 1480 1481 XOR
2 1 410 1481 1482 AND
2 1 1465 1482 1483 XOR
1 1 1483 1484 INV
2 1 619 39 1485 AND
2 1 1354 1367 1486 XOR
2 1 1486 642 1487 AND
2 1 1354 1487 1488 XOR
2 1 1371 972 1489 XOR
2 1 1489 642 1490 AND
2 1 1371 1490 1491 XOR
2 1 1488 1491 1492 XOR
2 1 1492 652 1493 AND
2 1 1488 1493 1494 XOR
2 1 1494 742 1495 XOR
2 1 1495 703 1496 AND
2 1 1494 1496 1497 XOR
2 1 1497 1237 1498 XOR
2 1 1498 1342 1499 AND
2 1 1497 1499 1500 XOR
2 1 1485 1500 1501 XOR
2 1 410 1501 1502 AND
2 1 1485 1502 1503 XOR
1 1 1503 1504 INV
2 1 1484 1504 1505 AND
1 1 1505 1506 INV
1 1 1506 1507 INV
2 1 619 42 1508 AND
2 1 877 1409 1509 XOR
2 1 1509 642 1510 AND
2 1 1409 1510 1511 XOR
2 1 1406 1400 1512 XOR
2 1 1512 642 1513 AND
2 1 1513 1400 1514 XOR
2 1 1511 1514 1515 XOR
2 1 1515 652 1516 AND
2 1 1516 1514 1517 XOR
2 1 792 1517 1518 XOR
2 1 1518 703 1519 AND
2 1 1517 1519 1520 XOR
2 1 1520 1213 1521 XOR
2 1 1521 1342 1522 AND
2 1 1522 1520 1523 XOR
2 1 1508 1523 1524 XOR
2 1 410 1524 1525 AND
2 1 1508 1525 1526 XOR
1 1 1526 1527 INV
2 1 619 41 1528 AND
2 1 1433 1439 1529 XOR
2 1 1529 642 1530 AND
2 1 1433 1530 1531 XOR
2 1 912 1442 1532 XOR
2 1 1532 642 1533 AND
2 1 1442 1533 1534 XOR
2 1 1531 1534 1535 XOR
2 1 1535 652 1536 AND
2 1 1531 1536 1537 XOR
2 1 1537 839 1538 XOR
2 1 1538 703 1539 AND
2 1 1537 1539 1540 XOR
2 1 1540 1220 1541 XOR
2 1 1541 1342 1542 AND
2 1 1540 1542 1543 XOR
2 1 1528 1543 1544 XOR
2 1 410 1544 1545 AND
2 1 1528 1545 1546 XOR
1 1 1546 1547 INV
2 1 1527 1547 1548 AND
1 1 1548 1549 INV
1 1 1549 1550 INV
2 1 1507 1550 1551 AND
1 1 1551 1552 INV
1 1 1552 1553 INV
2 1 1464 1553 1554 AND
1 1 1554 1555 INV
1 1 1555 1556 INV
2 1 619 32 1557 AND
2 1 675 1471 1558 XOR
2 1 1558 652 1559 AND
2 1 1471 1559 1560 XOR
2 1 1009 1560 1561 XOR
2 1 1561 703 1562 AND
2 1 1560 1562 1563 XOR
2 1 1563 1183 1564 XOR
2 1 1564 1342 1565 AND
2 1 1563 1565 1566 XOR
2 1 1557 1566 1567 XOR
2 1 410 1567 1568 AND
2 1 1557 1568 1569 XOR
1 1 1569 1570 INV
2 1 619 31 1571 AND
2 1 1491 726 1572 XOR
2 1 1572 652 1573 AND
2 1 1491 1573 1574 XOR
2 1 1574 1022 1575 XOR
2 1 1575 703 1576 AND
2 1 1574 1576 1577 XOR
2 1 1577 707 1578 AND
2 1 1571 1578 1579 XOR
2 1 410 1579 1580 AND
2 1 1571 1580 1581 XOR
1 1 1581 1582 INV
2 1 1570 1582 1583 AND
1 1 1583 1584 INV
1 1 1584 1585 INV
2 1 619 34 1586 AND
2 1 1511 780 1587 XOR
2 1 1587 652 1588 AND
2 1 1511 1588 1589 XOR
2 1 1035 1589 1590 XOR
2 1 1590 703 1591 AND
2 1 1589 1591 1592 XOR
2 1 1592 1190 1593 XOR
2 1 1593 1342 1594 AND
2 1 1592 1594 1595 XOR
2 1 1586 1595 1596 XOR
2 1 410 1596 1597 AND
2 1 1586 1597 1598 XOR
1 1 1598 1599 INV
2 1 619 33 1600 AND
2 1 827 1534 1601 XOR
2 1 1601 652 1602 AND
2 1 1534 1602 1603 XOR
2 1 1048 1603 1604 XOR
2 1 1604 703 1605 AND
2 1 1603 1605 1606 XOR
2 1 1606 1197 1607 XOR
2 1 1607 1342 1608 AND
2 1 1608 1606 1609 XOR
2 1 1600 1609 1610 XOR
2 1 410 1610 1611 AND
2 1 1600 1611 1612 XOR
1 1 1612 1613 INV
2 1 1599 1613 1614 AND
1 1 1614 1615 INV
1 1 1615 1616 INV
2 1 1585 1616 1617 AND
1 1 1617 1618 INV
1 1 1618 1619 INV
2 1 619 38 1620 AND
2 1 880 1412 1621 XOR
2 1 1621 652 1622 AND
2 1 1412 1622 1623 XOR
2 1 1067 1623 1624 XOR
2 1 1624 703 1625 AND
2 1 1625 1623 1626 XOR
2 1 1626 1132 1627 XOR
2 1 1627 1342 1628 AND
2 1 1628 1626 1629 XOR
2 1 1620 1629 1630 XOR
2 1 410 1630 1631 AND
2 1 1620 1631 1632 XOR
1 1 1632 1633 INV
2 1 619 37 1634 AND
2 1 915 1445 1635 XOR
2 1 1635 652 1636 AND
2 1 1445 1636 1637 XOR
2 1 1080 1637 1638 XOR
2 1 1638 703 1639 AND
2 1 1637 1639 1640 XOR
2 1 1640 1139 1641 XOR
2 1 1641 1342 1642 AND
2 1 1640 1642 1643 XOR
2 1 1634 1643 1644 XOR
2 1 410 1644 1645 AND
2 1 1634 1645 1646 XOR
1 1 1646 1647 INV
2 1 1633 1647 1648 AND
1 1 1648 1649 INV
1 1 1649 1650 INV
2 1 619 36 1651 AND
2 1 945 1334 1652 XOR
2 1 1652 652 1653 AND
2 1 1334 1653 1654 XOR
2 1 1096 1654 1655 XOR
2 1 1655 703 1656 AND
2 1 1654 1656 1657 XOR
2 1 1657 1149 1658 XOR
2 1 1658 1342 1659 AND
2 1 1657 1659 1660 XOR
2 1 1651 1660 1661 XOR
2 1 410 1661 1662 AND
2 1 1651 1662 1663 XOR
1 1 1663 1664 INV
2 1 619 35 1665 AND
2 1 1374 975 1666 XOR
2 1 1666 652 1667 AND
2 1 1374 1667 1668 XOR
2 1 1109 1668 1669 XOR
2 1 1669 703 1670 AND
2 1 1668 1670 1671 XOR
2 1 1671 1156 1672 XOR
2 1 1672 1342 1673 AND
2 1 1671 1673 1674 XOR
2 1 1665 1674 1675 XOR
2 1 410 1675 1676 AND
2 1 1665 1676 1677 XOR
1 1 1677 1678 INV
2 1 1664 1678 1679 AND
1 1 1679 1680 INV
1 1 1680 1681 INV
2 1 1650 1681 1682 AND
1 1 1682 1683 INV
1 1 1683 1684 INV
2 1 1619 1684 1685 AND
1 1 1685 1686 INV
1 1 1686 1687 INV
2 1 1556 1687 1688 AND
1 1 1688 1689 INV
1 1 1689 1690 INV
2 1 103 51 1691 XOR
2 1 411 1691 1692 AND
2 1 103 1692 1693 XOR
2 1 49 50 1694 XOR
2 1 411 1694 1695 AND
2 1 1695 50 1696 XOR
2 1 1696 1693 1697 XOR
2 1 624 1697 1698 AND
2 1 1693 1698 1699 XOR
2 1 47 48 1700 XOR
2 1 411 1700 1701 AND
2 1 1701 48 1702 XOR
2 1 1702 1394 1703 XOR
2 1 624 1703 1704 AND
2 1 1702 1704 1705 XOR
2 1 1705 1699 1706 XOR
2 1 1706 642 1707 AND
2 1 1699 1707 1708 XOR
2 1 1316 1708 1709 XOR
2 1 1709 652 1710 AND
2 1 1708 1710 1711 XOR
2 1 1654 1711 1712 XOR
2 1 1712 703 1713 AND
2 1 1711 1713 1714 XOR
2 1 1100 1714 1715 XOR
2 1 1715 1342 1716 AND
2 1 1714 1716 1717 XOR
2 1 619 1717 1718 XOR
2 1 410 1718 1719 AND
2 1 619 1719 1720 XOR
1 1 1720 1721 INV
2 1 619 51 1722 AND
2 1 555 51 1723 XOR
2 1 552 49 1724 XOR
2 1 1723 1724 1725 XOR
2 1 624 1725 1726 AND
2 1 1723 1726 1727 XOR
2 1 540 47 1728 XOR
2 1 1728 1427 1729 XOR
2 1 624 1729 1730 AND
2 1 1730 1728 1731 XOR
2 1 1727 1731 1732 XOR
2 1 1732 642 1733 AND
2 1 1733 1727 1734 XOR
2 1 1734 1362 1735 XOR
2 1 1735 652 1736 AND
2 1 1734 1736 1737 XOR
2 1 1668 1737 1738 XOR
2 1 1738 703 1739 AND
2 1 1737 1739 1740 XOR
2 1 1113 1740 1741 XOR
2 1 1741 1342 1742 AND
2 1 1740 1742 1743 XOR
2 1 1722 1743 1744 XOR
2 1 410 1744 1745 AND
2 1 1722 1745 1746 XOR
1 1 1746 1747 INV
2 1 1721 1747 1748 AND
1 1 1748 1749 INV
1 1 1749 1750 INV
2 1 411 103 1751 AND
2 1 1751 1723 1752 XOR
2 1 624 1752 1753 AND
2 1 1751 1753 1754 XOR
2 1 1724 1728 1755 XOR
2 1 624 1755 1756 AND
2 1 1756 1724 1757 XOR
2 1 1757 1754 1758 XOR
2 1 1758 642 1759 AND
2 1 1754 1759 1760 XOR
2 1 1436 1760 1761 XOR
2 1 1761 652 1762 AND
2 1 1760 1762 1763 XOR
2 1 1637 1763 1764 XOR
2 1 1764 703 1765 AND
2 1 1763 1765 1766 XOR
2 1 1084 1766 1767 XOR
2 1 1767 1342 1768 AND
2 1 1768 1766 1769 XOR
1 1 1769 1770 INV
2 1 624 1693 1771 AND
2 1 1696 1702 1772 XOR
2 1 624 1772 1773 AND
2 1 1696 1773 1774 XOR
2 1 1774 1771 1775 XOR
2 1 1775 642 1776 AND
2 1 1771 1776 1777 XOR
2 1 1403 1777 1778 XOR
2 1 1778 652 1779 AND
2 1 1777 1779 1780 XOR
2 1 1623 1780 1781 XOR
2 1 1781 703 1782 AND
2 1 1780 1782 1783 XOR
2 1 1071 1783 1784 XOR
2 1 1784 1342 1785 AND
2 1 1785 1783 1786 XOR
1 1 1786 1787 INV
2 1 1770 1787 1788 AND
1 1 1788 1789 INV
2 1 410 1789 1790 AND
1 1 1790 1791 INV
2 1 1750 1791 1792 AND
1 1 1792 1793 INV
1 1 1793 1794 INV
2 1 619 48 1795 AND
2 1 1705 1304 1796 XOR
2 1 1796 642 1797 AND
2 1 1705 1797 1798 XOR
2 1 1468 1798 1799 XOR
2 1 1799 652 1800 AND
2 1 1800 1798 1801 XOR
2 1 1801 1560 1802 XOR
2 1 1802 703 1803 AND
2 1 1801 1803 1804 XOR
2 1 1804 1013 1805 XOR
2 1 1805 1342 1806 AND
2 1 1804 1806 1807 XOR
2 1 1795 1807 1808 XOR
2 1 410 1808 1809 AND
2 1 1795 1809 1810 XOR
1 1 1810 1811 INV
2 1 619 47 1812 AND
2 1 1731 1359 1813 XOR
2 1 1813 642 1814 AND
2 1 1731 1814 1815 XOR
2 1 1488 1815 1816 XOR
2 1 1816 652 1817 AND
2 1 1815 1817 1818 XOR
2 1 1574 1818 1819 XOR
2 1 1819 703 1820 AND
2 1 1820 1818 1821 XOR
2 1 1821 1023 1822 XOR
2 1 1822 1342 1823 AND
2 1 1821 1823 1824 XOR
2 1 1812 1824 1825 XOR
2 1 410 1825 1826 AND
2 1 1812 1826 1827 XOR
1 1 1827 1828 INV
2 1 1811 1828 1829 AND
1 1 1829 1830 INV
1 1 1830 1831 INV
2 1 619 50 1832 AND
2 1 1774 1397 1833 XOR
2 1 1833 642 1834 AND
2 1 1774 1834 1835 XOR
2 1 1835 1514 1836 XOR
2 1 1836 652 1837 AND
2 1 1835 1837 1838 XOR
2 1 1589 1838 1839 XOR
2 1 1839 703 1840 AND
2 1 1838 1840 1841 XOR
2 1 1039 1841 1842 XOR
2 1 1842 1342 1843 AND
2 1 1841 1843 1844 XOR
2 1 1832 1844 1845 XOR
2 1 410 1845 1846 AND
2 1 1832 1846 1847 XOR
1 1 1847 1848 INV
2 1 619 49 1849 AND
2 1 1757 1430 1850 XOR
2 1 1850 642 1851 AND
2 1 1757 1851 1852 XOR
2 1 1852 1531 1853 XOR
2 1 1853 652 1854 AND
2 1 1852 1854 1855 XOR
2 1 1855 1603 1856 XOR
2 1 1856 703 1857 AND
2 1 1855 1857 1858 XOR
2 1 1858 1052 1859 XOR
2 1 1859 1342 1860 AND
2 1 1858 1860 1861 XOR
2 1 1849 1861 1862 XOR
2 1 410 1862 1863 AND
2 1 1849 1863 1864 XOR
1 1 1864 1865 INV
2 1 1848 1865 1866 AND
1 1 1866 1867 INV
1 1 1867 1868 INV
2 1 1831 1868 1869 AND
1 1 1869 1870 INV
1 1 1870 1871 INV
2 1 1794 1871 1872 AND
1 1 1872 1873 INV
1 1 1873 1874 INV
2 1 624 1751 1875 AND
2 1 1875 642 1876 AND
2 1 1876 1734 1877 XOR
2 1 1877 652 1878 AND
2 1 1876 1878 1879 XOR
2 1 1879 1377 1880 XOR
2 1 1880 703 1881 AND
2 1 1879 1881 1882 XOR
2 1 1882 991 1883 XOR
2 1 1883 1342 1884 AND
2 1 1882 1884 1885 XOR
1 1 1885 1886 INV
2 1 1708 652 1887 AND
2 1 1887 1337 1888 XOR
2 1 1888 703 1889 AND
2 1 1887 1889 1890 XOR
2 1 1890 963 1891 XOR
2 1 1891 1342 1892 AND
2 1 1890 1892 1893 XOR
1 1 1893 1894 INV
2 1 1886 1894 1895 AND
1 1 1895 1896 INV
1 1 1896 1897 INV
2 1 1777 652 1898 AND
2 1 1898 1415 1899 XOR
2 1 1899 703 1900 AND
2 1 1898 1900 1901 XOR
2 1 1901 898 1902 XOR
2 1 1902 1342 1903 AND
2 1 1901 1903 1904 XOR
1 1 1904 1905 INV
2 1 1760 652 1906 AND
2 1 1448 1906 1907 XOR
2 1 1907 703 1908 AND
2 1 1906 1908 1909 XOR
2 1 930 1909 1910 XOR
2 1 1910 1342 1911 AND
2 1 1909 1911 1912 XOR
1 1 1912 1913 INV
2 1 1905 1913 1914 AND
1 1 1914 1915 INV
1 1 1915 1916 INV
2 1 1897 1916 1917 AND
1 1 1917 1918 INV
1 1 1918 1919 INV
2 1 1771 642 1920 AND
2 1 1920 1835 1921 XOR
2 1 1921 652 1922 AND
2 1 1920 1922 1923 XOR
2 1 1923 1517 1924 XOR
2 1 1924 703 1925 AND
2 1 1923 1925 1926 XOR
2 1 1926 811 1927 XOR
2 1 1927 1342 1928 AND
2 1 1926 1928 1929 XOR
1 1 1929 1930 INV
2 1 1754 642 1931 AND
2 1 1931 1852 1932 XOR
2 1 1932 652 1933 AND
2 1 1931 1933 1934 XOR
2 1 1934 1537 1935 XOR
2 1 1935 703 1936 AND
2 1 1934 1936 1937 XOR
2 1 856 1937 1938 XOR
2 1 1938 1342 1939 AND
2 1 1937 1939 1940 XOR
1 1 1940 1941 INV
2 1 1930 1941 1942 AND
1 1 1942 1943 INV
1 1 1943 1944 INV
2 1 1699 642 1945 AND
2 1 1945 1798 1946 XOR
2 1 1946 652 1947 AND
2 1 1945 1947 1948 XOR
2 1 1948 1474 1949 XOR
2 1 1949 703 1950 AND
2 1 1948 1950 1951 XOR
2 1 1951 705 1952 XOR
2 1 1952 1342 1953 AND
2 1 1951 1953 1954 XOR
1 1 1954 1955 INV
2 1 1875 1727 1956 XOR
2 1 1956 642 1957 AND
2 1 1875 1957 1958 XOR
2 1 1958 1815 1959 XOR
2 1 1959 652 1960 AND
2 1 1958 1960 1961 XOR
2 1 1494 1961 1962 XOR
2 1 1962 703 1963 AND
2 1 1961 1963 1964 XOR
2 1 759 1964 1965 XOR
2 1 1965 1342 1966 AND
2 1 1964 1966 1967 XOR
1 1 1967 1968 INV
2 1 1955 1968 1969 AND
1 1 1969 1970 INV
1 1 1970 1971 INV
2 1 1944 1971 1972 AND
1 1 1972 1973 INV
1 1 1973 1974 INV
2 1 1919 1974 1975 AND
1 1 1975 1976 INV
2 1 410 1976 1977 AND
1 1 1977 1978 INV
2 1 1874 1978 1979 AND
1 1 1979 1980 INV
1 1 1980 1981 INV
2 1 1690 1981 1982 AND
1 1 1982 1983 INV
1 1 1983 1984 INV
2 1 1294 1984 1985 AND
1 1 1985 1986 INV
2 1 601 1986 1987 AND
1 1 351 1988 INV
1 1 568 1989 INV
2 1 706 1989 1990 AND
2 1 605 1990 1991 AND
1 1 382 1992 INV
2 1 1991 1992 1993 AND
1 1 387 1994 INV
2 1 1993 1994 1995 AND
1 1 378 1996 INV
2 1 1995 1996 1997 AND
2 1 1997 399 1998 AND
2 1 409 1998 1999 XOR
1 1 1999 2000 INV
2 1 1988 2000 2001 AND
1 1 2001 2002 INV
2 1 1987 2002 2003 AND
2 1 572 2003 2004 AND
2 1 571 2004 2005 XOR
2 1 1958 652 2006 AND
2 1 2006 1818 2007 XOR
2 1 2007 703 2008 AND
2 1 2006 2008 2009 XOR
2 1 1577 2009 2010 XOR
2 1 2010 1342 2011 AND
2 1 2009 2011 2012 XOR
2 1 410 2012 2013 AND
2 1 2013 2002 2014 AND
2 1 2005 2014 2015 AND
2 1 571 2015 2016 XOR
1 1 63 2017 INV
2 1 2016 2017 2018 XOR
1 1 2002 2019 INV
2 1 2012 2019 2020 AND
2 1 1904 2019 2021 AND
1 1 2021 2022 INV
2 1 1912 2019 2023 AND
1 1 2023 2024 INV
2 1 1893 2019 2025 AND
1 1 2025 2026 INV
2 1 1885 2019 2027 AND
1 1 2027 2028 INV
2 1 1929 2019 2029 AND
1 1 2029 2030 INV
2 1 1940 2019 2031 AND
1 1 2031 2032 INV
2 1 1954 2019 2033 AND
1 1 2033 2034 INV
2 1 1967 2019 2035 AND
1 1 2035 2036 INV
2 1 1786 2019 2037 AND
1 1 2037 2038 INV
2 1 1769 2019 2039 AND
1 1 2039 2040 INV
2 1 410 1990 2041 AND
2 1 2041 1717 2042 XOR
2 1 2042 2019 2043 AND
2 1 2041 2043 2044 XOR
2 1 1692 51 2045 XOR
2 1 2045 53 2046 AND
2 1 353 2046 2047 AND
2 1 2047 355 2048 AND
2 1 2048 358 2049 AND
2 1 1989 2049 2050 AND
2 1 410 2050 2051 AND
2 1 2051 1743 2052 XOR
2 1 2052 2019 2053 AND
2 1 2051 2053 2054 XOR
2 1 103 52 2055 AND
2 1 556 2055 2056 XOR
2 1 415 2056 2057 AND
2 1 556 2057 2058 XOR
2 1 353 2058 2059 AND
2 1 2059 355 2060 AND
2 1 2060 358 2061 AND
2 1 1989 2061 2062 AND
2 1 410 2062 2063 AND
2 1 2063 1844 2064 XOR
2 1 2064 2019 2065 AND
2 1 2063 2065 2066 XOR
2 1 1695 49 2067 XOR
2 1 2067 2045 2068 XOR
2 1 415 2068 2069 AND
2 1 2067 2069 2070 XOR
2 1 353 2070 2071 AND
2 1 2071 355 2072 AND
2 1 2072 358 2073 AND
2 1 1989 2073 2074 AND
2 1 410 2074 2075 AND
2 1 2075 1861 2076 XOR
2 1 2076 2019 2077 AND
2 1 2075 2077 2078 XOR
2 1 563 358 2079 AND
2 1 1989 2079 2080 AND
2 1 410 2080 2081 AND
2 1 1807 2081 2082 XOR
2 1 2082 2019 2083 AND
2 1 2081 2083 2084 XOR
2 1 1701 47 2085 XOR
2 1 2085 2067 2086 XOR
2 1 415 2086 2087 AND
2 1 2085 2087 2088 XOR
2 1 2088 2046 2089 XOR
2 1 2089 54 2090 AND
2 1 2088 2090 2091 XOR
2 1 2091 355 2092 AND
2 1 2092 358 2093 AND
2 1 1989 2093 2094 AND
2 1 410 2094 2095 AND
2 1 1824 2095 2096 XOR
2 1 2096 2019 2097 AND
2 1 2095 2097 2098 XOR
2 1 541 553 2099 XOR
2 1 415 2099 2100 AND
2 1 541 2100 2101 XOR
2 1 2101 2058 2102 XOR
2 1 2102 54 2103 AND
2 1 2101 2103 2104 XOR
2 1 2104 355 2105 AND
2 1 2105 358 2106 AND
2 1 1989 2106 2107 AND
2 1 410 2107 2108 AND
2 1 1421 2108 2109 XOR
2 1 2109 2019 2110 AND
2 1 2108 2110 2111 XOR
2 1 1393 45 2112 XOR
2 1 2112 2085 2113 XOR
2 1 415 2113 2114 AND
2 1 2112 2114 2115 XOR
2 1 2115 2070 2116 XOR
2 1 2116 54 2117 AND
2 1 2115 2117 2118 XOR
2 1 2118 355 2119 AND
2 1 2119 358 2120 AND
2 1 1989 2120 2121 AND
2 1 410 2121 2122 AND
2 1 2122 1454 2123 XOR
2 1 2123 2019 2124 AND
2 1 2122 2124 2125 XOR
2 1 544 559 2126 XOR
2 1 2126 54 2127 AND
2 1 544 2127 2128 XOR
2 1 650 2128 2129 XOR
2 1 2129 354 2130 AND
2 1 2128 2130 2131 XOR
2 1 2131 358 2132 AND
2 1 1989 2132 2133 AND
2 1 410 2133 2134 AND
2 1 1344 2134 2135 XOR
2 1 2135 2019 2136 AND
2 1 2134 2136 2137 XOR
2 1 1297 43 2138 XOR
2 1 2138 2112 2139 XOR
2 1 415 2139 2140 AND
2 1 2138 2140 2141 XOR
2 1 2141 2088 2142 XOR
2 1 2142 54 2143 AND
2 1 2141 2143 2144 XOR
2 1 2144 2047 2145 XOR
2 1 2145 354 2146 AND
2 1 2144 2146 2147 XOR
2 1 2147 358 2148 AND
2 1 1989 2148 2149 AND
2 1 410 2149 2150 AND
2 1 2150 1383 2151 XOR
2 1 2151 2019 2152 AND
2 1 2150 2152 2153 XOR
2 1 532 538 2154 XOR
2 1 415 2154 2155 AND
2 1 532 2155 2156 XOR
2 1 2156 2101 2157 XOR
2 1 2157 54 2158 AND
2 1 2156 2158 2159 XOR
2 1 2159 2059 2160 XOR
2 1 2160 354 2161 AND
2 1 2159 2161 2162 XOR
2 1 2162 358 2163 AND
2 1 1989 2163 2164 AND
2 1 410 2164 2165 AND
2 1 2165 1523 2166 XOR
2 1 2166 2019 2167 AND
2 1 2165 2167 2168 XOR
2 1 1300 41 2169 XOR
2 1 2169 2138 2170 XOR
2 1 415 2170 2171 AND
2 1 2169 2171 2172 XOR
2 1 2172 2115 2173 XOR
2 1 2173 54 2174 AND
2 1 2172 2174 2175 XOR
2 1 2175 2071 2176 XOR
2 1 2176 354 2177 AND
2 1 2175 2177 2178 XOR
2 1 2178 358 2179 AND
2 1 1989 2179 2180 AND
2 1 410 2180 2181 AND
2 1 1543 2181 2182 XOR
2 1 2182 2019 2183 AND
2 1 2181 2183 2184 XOR
2 1 547 562 2185 XOR
2 1 2185 354 2186 AND
2 1 547 2186 2187 XOR
2 1 2187 358 2188 AND
2 1 1989 2188 2189 AND
2 1 410 2189 2190 AND
2 1 1480 2190 2191 XOR
2 1 2191 2019 2192 AND
2 1 2190 2192 2193 XOR
2 1 1306 39 2194 XOR
2 1 2194 2169 2195 XOR
2 1 415 2195 2196 AND
2 1 2194 2196 2197 XOR
2 1 2197 2141 2198 XOR
2 1 2198 54 2199 AND
2 1 2197 2199 2200 XOR
2 1 2200 2091 2201 XOR
2 1 2201 354 2202 AND
2 1 2200 2202 2203 XOR
2 1 2203 358 2204 AND
2 1 1989 2204 2205 AND
2 1 410 2205 2206 AND
2 1 2206 1500 2207 XOR
2 1 2207 2019 2208 AND
2 1 2206 2208 2209 XOR
2 1 520 529 2210 XOR
2 1 415 2210 2211 AND
2 1 520 2211 2212 XOR
2 1 2212 2156 2213 XOR
2 1 2213 54 2214 AND
2 1 2212 2214 2215 XOR
2 1 2215 2104 2216 XOR
2 1 2216 354 2217 AND
2 1 2215 2217 2218 XOR
2 1 2218 358 2219 AND
2 1 1989 2219 2220 AND
2 1 410 2220 2221 AND
2 1 2221 1629 2222 XOR
2 1 2222 2019 2223 AND
2 1 2221 2223 2224 XOR
2 1 1309 37 2225 XOR
2 1 2225 2194 2226 XOR
2 1 415 2226 2227 AND
2 1 2225 2227 2228 XOR
2 1 2228 2172 2229 XOR
2 1 2229 54 2230 AND
2 1 2228 2230 2231 XOR
2 1 2231 2118 2232 XOR
2 1 2232 354 2233 AND
2 1 2231 2233 2234 XOR
2 1 2234 358 2235 AND
2 1 1989 2235 2236 AND
2 1 410 2236 2237 AND
2 1 2237 1643 2238 XOR
2 1 2238 2019 2239 AND
2 1 2237 2239 2240 XOR
2 1 523 535 2241 XOR
2 1 2241 54 2242 AND
2 1 523 2242 2243 XOR
2 1 2243 2128 2244 XOR
2 1 2244 354 2245 AND
2 1 2243 2245 2246 XOR
2 1 701 2246 2247 XOR
2 1 2247 357 2248 AND
2 1 2246 2248 2249 XOR
2 1 2249 1989 2250 AND
2 1 410 2250 2251 AND
2 1 2251 1660 2252 XOR
2 1 2252 2019 2253 AND
2 1 2251 2253 2254 XOR
2 1 1318 35 2255 XOR
2 1 2255 2225 2256 XOR
2 1 415 2256 2257 AND
2 1 2255 2257 2258 XOR
2 1 2258 2197 2259 XOR
2 1 2259 54 2260 AND
2 1 2258 2260 2261 XOR
2 1 2261 2144 2262 XOR
2 1 2262 354 2263 AND
2 1 2261 2263 2264 XOR
2 1 2264 2048 2265 XOR
2 1 2265 357 2266 AND
2 1 2264 2266 2267 XOR
2 1 2267 1989 2268 AND
2 1 410 2268 2269 AND
2 1 2269 1674 2270 XOR
2 1 2270 2019 2271 AND
2 1 2269 2271 2272 XOR
2 1 511 517 2273 XOR
2 1 415 2273 2274 AND
2 1 511 2274 2275 XOR
2 1 2275 2212 2276 XOR
2 1 2276 54 2277 AND
2 1 2275 2277 2278 XOR
2 1 2278 2159 2279 XOR
2 1 2279 354 2280 AND
2 1 2278 2280 2281 XOR
2 1 2281 2060 2282 XOR
2 1 2282 357 2283 AND
2 1 2281 2283 2284 XOR
2 1 2284 1989 2285 AND
2 1 410 2285 2286 AND
2 1 2286 1595 2287 XOR
2 1 2287 2019 2288 AND
2 1 2286 2288 2289 XOR
2 1 1321 33 2290 XOR
2 1 2290 2255 2291 XOR
2 1 415 2291 2292 AND
2 1 2290 2292 2293 XOR
2 1 2293 2228 2294 XOR
2 1 2294 54 2295 AND
2 1 2293 2295 2296 XOR
2 1 2296 2175 2297 XOR
2 1 2297 354 2298 AND
2 1 2296 2298 2299 XOR
2 1 2299 2072 2300 XOR
2 1 2300 357 2301 AND
2 1 2299 2301 2302 XOR
2 1 2302 1989 2303 AND
2 1 410 2303 2304 AND
2 1 2304 1609 2305 XOR
2 1 2305 2019 2306 AND
2 1 2304 2306 2307 XOR
2 1 566 1989 2308 AND
2 1 410 2308 2309 AND
2 1 2309 1566 2310 XOR
2 1 2310 2019 2311 AND
2 1 2309 2311 2312 XOR
2 1 1327 31 2313 XOR
2 1 2313 2290 2314 XOR
2 1 415 2314 2315 AND
2 1 2313 2315 2316 XOR
2 1 2316 2258 2317 XOR
2 1 2317 54 2318 AND
2 1 2316 2318 2319 XOR
2 1 2319 2200 2320 XOR
2 1 2320 354 2321 AND
2 1 2319 2321 2322 XOR
2 1 2322 2092 2323 XOR
2 1 2323 357 2324 AND
2 1 2322 2324 2325 XOR
2 1 2325 1989 2326 AND
2 1 410 2326 2327 AND
2 1 2327 1578 2328 XOR
2 1 2328 2019 2329 AND
2 1 2327 2329 2330 XOR
2 1 493 508 2331 XOR
2 1 415 2331 2332 AND
2 1 493 2332 2333 XOR
2 1 2333 2275 2334 XOR
2 1 2334 54 2335 AND
2 1 2333 2335 2336 XOR
2 1 2336 2215 2337 XOR
2 1 2337 354 2338 AND
2 1 2336 2338 2339 XOR
2 1 2339 2105 2340 XOR
2 1 2340 357 2341 AND
2 1 2339 2341 2342 XOR
2 1 2342 1989 2343 AND
2 1 410 2343 2344 AND
2 1 2344 899 2345 XOR
2 1 2345 2019 2346 AND
2 1 2344 2346 2347 XOR
2 1 870 29 2348 XOR
2 1 2348 2313 2349 XOR
2 1 415 2349 2350 AND
2 1 2348 2350 2351 XOR
2 1 2351 2293 2352 XOR
2 1 2352 54 2353 AND
2 1 2351 2353 2354 XOR
2 1 2354 2231 2355 XOR
2 1 2355 354 2356 AND
2 1 2354 2356 2357 XOR
2 1 2357 2119 2358 XOR
2 1 2358 357 2359 AND
2 1 2357 2359 2360 XOR
2 1 2360 1989 2361 AND
2 1 410 2361 2362 AND
2 1 2362 931 2363 XOR
2 1 2363 2019 2364 AND
2 1 2362 2364 2365 XOR
2 1 496 514 2366 XOR
2 1 2366 54 2367 AND
2 1 496 2367 2368 XOR
2 1 2368 2243 2369 XOR
2 1 2369 354 2370 AND
2 1 2368 2370 2371 XOR
2 1 2371 2131 2372 XOR
2 1 2372 357 2373 AND
2 1 2371 2373 2374 XOR
2 1 2374 1989 2375 AND
2 1 410 2375 2376 AND
2 1 2376 964 2377 XOR
2 1 2377 2019 2378 AND
2 1 2376 2378 2379 XOR
2 1 873 27 2380 XOR
2 1 2380 2348 2381 XOR
2 1 415 2381 2382 AND
2 1 2380 2382 2383 XOR
2 1 2383 2316 2384 XOR
2 1 2384 54 2385 AND
2 1 2383 2385 2386 XOR
2 1 2386 2261 2387 XOR
2 1 2387 354 2388 AND
2 1 2386 2388 2389 XOR
2 1 2389 2147 2390 XOR
2 1 2390 357 2391 AND
2 1 2389 2391 2392 XOR
2 1 2392 1989 2393 AND
2 1 410 2393 2394 AND
2 1 2394 992 2395 XOR
2 1 2395 2019 2396 AND
2 1 2394 2396 2397 XOR
2 1 484 490 2398 XOR
2 1 415 2398 2399 AND
2 1 484 2399 2400 XOR
2 1 2400 2333 2401 XOR
2 1 2401 54 2402 AND
2 1 2400 2402 2403 XOR
2 1 2403 2278 2404 XOR
2 1 2404 354 2405 AND
2 1 2403 2405 2406 XOR
2 1 2406 2162 2407 XOR
2 1 2407 357 2408 AND
2 1 2406 2408 2409 XOR
2 1 2409 1989 2410 AND
2 1 410 2410 2411 AND
2 1 2411 812 2412 XOR
2 1 2412 2019 2413 AND
2 1 2411 2413 2414 XOR
2 1 770 25 2415 XOR
2 1 2415 2380 2416 XOR
2 1 415 2416 2417 AND
2 1 2415 2417 2418 XOR
2 1 2418 2351 2419 XOR
2 1 2419 54 2420 AND
2 1 2418 2420 2421 XOR
2 1 2421 2296 2422 XOR
2 1 2422 354 2423 AND
2 1 2421 2423 2424 XOR
2 1 2424 2178 2425 XOR
2 1 2425 357 2426 AND
2 1 2424 2426 2427 XOR
2 1 2427 1989 2428 AND
2 1 410 2428 2429 AND
2 1 2429 857 2430 XOR
2 1 2430 2019 2431 AND
2 1 2429 2431 2432 XOR
2 1 499 526 2433 XOR
2 1 2433 354 2434 AND
2 1 499 2434 2435 XOR
2 1 2435 2187 2436 XOR
2 1 2436 357 2437 AND
2 1 2435 2437 2438 XOR
2 1 2438 1989 2439 AND
2 1 410 2439 2440 AND
2 1 2440 708 2441 XOR
2 1 2441 2019 2442 AND
2 1 2440 2442 2443 XOR
2 1 659 23 2444 XOR
2 1 2444 2415 2445 XOR
2 1 415 2445 2446 AND
2 1 2444 2446 2447 XOR
2 1 2447 2383 2448 XOR
2 1 2448 54 2449 AND
2 1 2447 2449 2450 XOR
2 1 2450 2319 2451 XOR
2 1 2451 354 2452 AND
2 1 2450 2452 2453 XOR
2 1 2453 2203 2454 XOR
2 1 2454 357 2455 AND
2 1 2453 2455 2456 XOR
2 1 2456 1989 2457 AND
2 1 410 2457 2458 AND
2 1 2458 760 2459 XOR
2 1 2459 2019 2460 AND
2 1 2458 2460 2461 XOR
2 1 472 481 2462 XOR
2 1 415 2462 2463 AND
2 1 472 2463 2464 XOR
2 1 2464 2400 2465 XOR
2 1 2465 54 2466 AND
2 1 2464 2466 2467 XOR
2 1 2467 2336 2468 XOR
2 1 2468 354 2469 AND
2 1 2467 2469 2470 XOR
2 1 2470 2218 2471 XOR
2 1 2471 357 2472 AND
2 1 2470 2472 2473 XOR
2 1 2473 1989 2474 AND
2 1 410 2474 2475 AND
2 1 2475 1072 2476 XOR
2 1 2476 2019 2477 AND
2 1 2475 2477 2478 XOR
2 1 656 21 2479 XOR
2 1 2479 2444 2480 XOR
2 1 415 2480 2481 AND
2 1 2479 2481 2482 XOR
2 1 2482 2418 2483 XOR
2 1 2483 54 2484 AND
2 1 2482 2484 2485 XOR
2 1 2485 2354 2486 XOR
2 1 2486 354 2487 AND
2 1 2485 2487 2488 XOR
2 1 2488 2234 2489 XOR
2 1 2489 357 2490 AND
2 1 2488 2490 2491 XOR
2 1 2491 1989 2492 AND
2 1 410 2492 2493 AND
2 1 2493 1085 2494 XOR
2 1 2494 2019 2495 AND
2 1 2493 2495 2496 XOR
2 1 475 487 2497 XOR
2 1 2497 54 2498 AND
2 1 475 2498 2499 XOR
2 1 2499 2368 2500 XOR
2 1 2500 354 2501 AND
2 1 2499 2501 2502 XOR
2 1 2502 2246 2503 XOR
2 1 2503 357 2504 AND
2 1 2502 2504 2505 XOR
2 1 706 2505 2506 XOR
2 1 2506 568 2507 AND
2 1 2505 2507 2508 XOR
2 1 410 2508 2509 AND
2 1 2509 1101 2510 XOR
2 1 2510 2019 2511 AND
2 1 2509 2511 2512 XOR
2 1 665 19 2513 XOR
2 1 2513 2479 2514 XOR
2 1 415 2514 2515 AND
2 1 2513 2515 2516 XOR
2 1 2516 2447 2517 XOR
2 1 2517 54 2518 AND
2 1 2516 2518 2519 XOR
2 1 2519 2386 2520 XOR
2 1 2520 354 2521 AND
2 1 2519 2521 2522 XOR
2 1 2522 2264 2523 XOR
2 1 2523 357 2524 AND
2 1 2522 2524 2525 XOR
2 1 2525 2049 2526 XOR
2 1 2526 568 2527 AND
2 1 2525 2527 2528 XOR
2 1 410 2528 2529 AND
2 1 2529 1114 2530 XOR
2 1 2530 2019 2531 AND
2 1 2529 2531 2532 XOR
2 1 463 469 2533 XOR
2 1 415 2533 2534 AND
2 1 463 2534 2535 XOR
2 1 2535 2464 2536 XOR
2 1 2536 54 2537 AND
2 1 2535 2537 2538 XOR
2 1 2538 2403 2539 XOR
2 1 2539 354 2540 AND
2 1 2538 2540 2541 XOR
2 1 2541 2281 2542 XOR
2 1 2542 357 2543 AND
2 1 2541 2543 2544 XOR
2 1 2544 2061 2545 XOR
2 1 2545 568 2546 AND
2 1 2544 2546 2547 XOR
2 1 410 2547 2548 AND
2 1 2548 1040 2549 XOR
2 1 2549 2019 2550 AND
2 1 2548 2550 2551 XOR
2 1 668 17 2552 XOR
2 1 2552 2513 2553 XOR
2 1 415 2553 2554 AND
2 1 2552 2554 2555 XOR
2 1 2555 2482 2556 XOR
2 1 2556 54 2557 AND
2 1 2555 2557 2558 XOR
2 1 2558 2421 2559 XOR
2 1 2559 354 2560 AND
2 1 2558 2560 2561 XOR
2 1 2561 2299 2562 XOR
2 1 2562 357 2563 AND
2 1 2561 2563 2564 XOR
2 1 2564 2073 2565 XOR
2 1 2565 568 2566 AND
2 1 2564 2566 2567 XOR
2 1 410 2567 2568 AND
2 1 2568 1053 2569 XOR
2 1 2569 2019 2570 AND
2 1 2568 2570 2571 XOR
2 1 502 550 2572 XOR
2 1 2572 357 2573 AND
2 1 502 2573 2574 XOR
2 1 2574 2079 2575 XOR
2 1 2575 568 2576 AND
2 1 2574 2576 2577 XOR
2 1 410 2577 2578 AND
2 1 2578 1014 2579 XOR
2 1 2579 2019 2580 AND
2 1 2578 2580 2581 XOR
2 1 680 15 2582 XOR
2 1 2582 2552 2583 XOR
2 1 415 2583 2584 AND
2 1 2582 2584 2585 XOR
2 1 2585 2516 2586 XOR
2 1 2586 54 2587 AND
2 1 2585 2587 2588 XOR
2 1 2588 2450 2589 XOR
2 1 2589 354 2590 AND
2 1 2588 2590 2591 XOR
2 1 2591 2322 2592 XOR
2 1 2592 357 2593 AND
2 1 2591 2593 2594 XOR
2 1 2594 2093 2595 XOR
2 1 2595 568 2596 AND
2 1 2594 2596 2597 XOR
2 1 410 2597 2598 AND
2 1 2598 1024 2599 XOR
2 1 2599 2019 2600 AND
2 1 2598 2600 2601 XOR
2 1 448 460 2602 XOR
2 1 415 2602 2603 AND
2 1 448 2603 2604 XOR
2 1 2604 2535 2605 XOR
2 1 2605 54 2606 AND
2 1 2604 2606 2607 XOR
2 1 2607 2467 2608 XOR
2 1 2608 354 2609 AND
2 1 2607 2609 2610 XOR
2 1 2610 2339 2611 XOR
2 1 2611 357 2612 AND
2 1 2610 2612 2613 XOR
2 1 2613 2106 2614 XOR
2 1 2614 568 2615 AND
2 1 2613 2615 2616 XOR
2 1 410 2616 2617 AND
2 1 2617 1251 2618 XOR
2 1 2618 2019 2619 AND
2 1 2617 2619 2620 XOR
2 1 677 13 2621 XOR
2 1 2621 2582 2622 XOR
2 1 415 2622 2623 AND
2 1 2621 2623 2624 XOR
2 1 2624 2555 2625 XOR
2 1 2625 54 2626 AND
2 1 2624 2626 2627 XOR
2 1 2627 2485 2628 XOR
2 1 2628 354 2629 AND
2 1 2627 2629 2630 XOR
2 1 2630 2357 2631 XOR
2 1 2631 357 2632 AND
2 1 2630 2632 2633 XOR
2 1 2633 2120 2634 XOR
2 1 2634 568 2635 AND
2 1 2633 2635 2636 XOR
2 1 410 2636 2637 AND
2 1 2637 1258 2638 XOR
2 1 2638 2019 2639 AND
2 1 2637 2639 2640 XOR
2 1 451 466 2641 XOR
2 1 2641 54 2642 AND
2 1 451 2642 2643 XOR
2 1 2643 2499 2644 XOR
2 1 2644 354 2645 AND
2 1 2643 2645 2646 XOR
2 1 2646 2371 2647 XOR
2 1 2647 357 2648 AND
2 1 2646 2648 2649 XOR
2 1 2649 2132 2650 XOR
2 1 2650 568 2651 AND
2 1 2649 2651 2652 XOR
2 1 410 2652 2653 AND
2 1 2653 1268 2654 XOR
2 1 2654 2019 2655 AND
2 1 2653 2655 2656 XOR
2 1 686 11 2657 XOR
2 1 2657 2621 2658 XOR
2 1 415 2658 2659 AND
2 1 2657 2659 2660 XOR
2 1 2660 2585 2661 XOR
2 1 2661 54 2662 AND
2 1 2660 2662 2663 XOR
2 1 2663 2519 2664 XOR
2 1 2664 354 2665 AND
2 1 2663 2665 2666 XOR
2 1 2666 2389 2667 XOR
2 1 2667 357 2668 AND
2 1 2666 2668 2669 XOR
2 1 2669 2148 2670 XOR
2 1 2670 568 2671 AND
2 1 2669 2671 2672 XOR
2 1 410 2672 2673 AND
2 1 2673 1275 2674 XOR
2 1 2674 2019 2675 AND
2 1 2673 2675 2676 XOR
2 1 439 445 2677 XOR
2 1 415 2677 2678 AND
2 1 439 2678 2679 XOR
2 1 2679 2604 2680 XOR
2 1 2680 54 2681 AND
2 1 2679 2681 2682 XOR
2 1 2682 2538 2683 XOR
2 1 2683 354 2684 AND
2 1 2682 2684 2685 XOR
2 1 2685 2406 2686 XOR
2 1 2686 357 2687 AND
2 1 2685 2687 2688 XOR
2 1 2688 2163 2689 XOR
2 1 2689 568 2690 AND
2 1 2688 2690 2691 XOR
2 1 410 2691 2692 AND
2 1 2692 1214 2693 XOR
2 1 2693 2019 2694 AND
2 1 2692 2694 2695 XOR
2 1 689 9 2696 XOR
2 1 2696 2657 2697 XOR
2 1 415 2697 2698 AND
2 1 2696 2698 2699 XOR
2 1 2699 2624 2700 XOR
2 1 2700 54 2701 AND
2 1 2699 2701 2702 XOR
2 1 2702 2558 2703 XOR
2 1 2703 354 2704 AND
2 1 2702 2704 2705 XOR
2 1 2705 2424 2706 XOR
2 1 2706 357 2707 AND
2 1 2705 2707 2708 XOR
2 1 2708 2179 2709 XOR
2 1 2709 568 2710 AND
2 1 2708 2710 2711 XOR
2 1 410 2711 2712 AND
2 1 2712 1221 2713 XOR
2 1 2713 2019 2714 AND
2 1 2712 2714 2715 XOR
2 1 454 478 2716 XOR
2 1 2716 354 2717 AND
2 1 454 2717 2718 XOR
2 1 2718 2435 2719 XOR
2 1 2719 357 2720 AND
2 1 2718 2720 2721 XOR
2 1 2721 2188 2722 XOR
2 1 2722 568 2723 AND
2 1 2721 2723 2724 XOR
2 1 410 2724 2725 AND
2 1 2725 1231 2726 XOR
2 1 2726 2019 2727 AND
2 1 2725 2727 2728 XOR
2 1 622 7 2729 XOR
2 1 2729 2696 2730 XOR
2 1 415 2730 2731 AND
2 1 2729 2731 2732 XOR
2 1 2732 2660 2733 XOR
2 1 2733 54 2734 AND
2 1 2732 2734 2735 XOR
2 1 2735 2588 2736 XOR
2 1 2736 354 2737 AND
2 1 2735 2737 2738 XOR
2 1 2738 2453 2739 XOR
2 1 2739 357 2740 AND
2 1 2738 2740 2741 XOR
2 1 2741 2204 2742 XOR
2 1 2742 568 2743 AND
2 1 2741 2743 2744 XOR
2 1 410 2744 2745 AND
2 1 2745 1238 2746 XOR
2 1 2746 2019 2747 AND
2 1 2745 2747 2748 XOR
2 1 427 436 2749 XOR
2 1 415 2749 2750 AND
2 1 427 2750 2751 XOR
2 1 2751 2679 2752 XOR
2 1 2752 54 2753 AND
2 1 2751 2753 2754 XOR
2 1 2754 2607 2755 XOR
2 1 2755 354 2756 AND
2 1 2754 2756 2757 XOR
2 1 2757 2470 2758 XOR
2 1 2758 357 2759 AND
2 1 2757 2759 2760 XOR
2 1 2760 2219 2761 XOR
2 1 2761 568 2762 AND
2 1 2760 2762 2763 XOR
2 1 410 2763 2764 AND
2 1 2764 1133 2765 XOR
2 1 2765 2019 2766 AND
2 1 2764 2766 2767 XOR
2 1 626 5 2768 XOR
2 1 2768 2729 2769 XOR
2 1 415 2769 2770 AND
2 1 2768 2770 2771 XOR
2 1 2771 2699 2772 XOR
2 1 2772 54 2773 AND
2 1 2771 2773 2774 XOR
2 1 2774 2627 2775 XOR
2 1 2775 354 2776 AND
2 1 2774 2776 2777 XOR
2 1 2777 2488 2778 XOR
2 1 2778 357 2779 AND
2 1 2777 2779 2780 XOR
2 1 2780 2235 2781 XOR
2 1 2781 568 2782 AND
2 1 2780 2782 2783 XOR
2 1 410 2783 2784 AND
2 1 2784 1140 2785 XOR
2 1 2785 2019 2786 AND
2 1 2784 2786 2787 XOR
2 1 430 442 2788 XOR
2 1 2788 54 2789 AND
2 1 430 2789 2790 XOR
2 1 2790 2643 2791 XOR
2 1 2791 354 2792 AND
2 1 2790 2792 2793 XOR
2 1 2793 2502 2794 XOR
2 1 2794 357 2795 AND
2 1 2793 2795 2796 XOR
2 1 2796 2249 2797 XOR
2 1 2797 568 2798 AND
2 1 2796 2798 2799 XOR
2 1 410 2799 2800 AND
2 1 2800 1150 2801 XOR
2 1 2801 2019 2802 AND
2 1 2800 2802 2803 XOR
2 1 632 3 2804 XOR
2 1 2804 2768 2805 XOR
2 1 415 2805 2806 AND
2 1 2804 2806 2807 XOR
2 1 2807 2732 2808 XOR
2 1 2808 54 2809 AND
2 1 2807 2809 2810 XOR
2 1 2810 2663 2811 XOR
2 1 2811 354 2812 AND
2 1 2810 2812 2813 XOR
2 1 2813 2522 2814 XOR
2 1 2814 357 2815 AND
2 1 2813 2815 2816 XOR
2 1 2816 2267 2817 XOR
2 1 2817 568 2818 AND
2 1 2816 2818 2819 XOR
2 1 410 2819 2820 AND
2 1 2820 1157 2821 XOR
2 1 2821 2019 2822 AND
2 1 2820 2822 2823 XOR
2 1 418 424 2824 XOR
2 1 415 2824 2825 AND
2 1 418 2825 2826 XOR
2 1 2826 2751 2827 XOR
2 1 2827 54 2828 AND
2 1 2826 2828 2829 XOR
2 1 2829 2682 2830 XOR
2 1 2830 354 2831 AND
2 1 2829 2831 2832 XOR
2 1 2832 2541 2833 XOR
2 1 2833 357 2834 AND
2 1 2832 2834 2835 XOR
2 1 2835 2284 2836 XOR
2 1 2836 568 2837 AND
2 1 2835 2837 2838 XOR
2 1 410 2838 2839 AND
2 1 2839 1191 2840 XOR
2 1 2840 2019 2841 AND
2 1 2839 2841 2842 XOR
2 1 635 1 2843 XOR
2 1 2843 2804 2844 XOR
2 1 415 2844 2845 AND
2 1 2843 2845 2846 XOR
2 1 2846 2771 2847 XOR
2 1 2847 54 2848 AND
2 1 2846 2848 2849 XOR
2 1 2849 2702 2850 XOR
2 1 2850 354 2851 AND
2 1 2849 2851 2852 XOR
2 1 2852 2561 2853 XOR
2 1 2853 357 2854 AND
2 1 2852 2854 2855 XOR
2 1 2855 2302 2856 XOR
2 1 2856 568 2857 AND
2 1 2855 2857 2858 XOR
2 1 410 2858 2859 AND
2 1 2859 1198 2860 XOR
2 1 2860 2019 2861 AND
2 1 2859 2861 2862 XOR
2 1 571 2862 2863 XOR
1 1 2863 2864 INV
2 1 571 2864 2865 AND
2 1 2842 2865 2866 XOR
1 1 2866 2867 INV
2 1 2867 2865 2868 AND
2 1 2823 2868 2869 XOR
1 1 2869 2870 INV
2 1 2870 2868 2871 AND
2 1 2803 2871 2872 XOR
1 1 2872 2873 INV
2 1 2873 2871 2874 AND
2 1 2787 2874 2875 XOR
1 1 2875 2876 INV
2 1 2876 2874 2877 AND
2 1 2767 2877 2878 XOR
1 1 2878 2879 INV
2 1 2879 2877 2880 AND
2 1 2748 2880 2881 XOR
1 1 2881 2882 INV
2 1 2882 2880 2883 AND
2 1 2728 2883 2884 XOR
1 1 2884 2885 INV
2 1 2885 2883 2886 AND
2 1 2715 2886 2887 XOR
1 1 2887 2888 INV
2 1 2888 2886 2889 AND
2 1 2695 2889 2890 XOR
1 1 2890 2891 INV
2 1 2891 2889 2892 AND
2 1 2676 2892 2893 XOR
1 1 2893 2894 INV
2 1 2894 2892 2895 AND
2 1 2656 2895 2896 XOR
1 1 2896 2897 INV
2 1 2897 2895 2898 AND
2 1 2640 2898 2899 XOR
1 1 2899 2900 INV
2 1 2900 2898 2901 AND
2 1 2620 2901 2902 XOR
1 1 2902 2903 INV
2 1 2903 2901 2904 AND
2 1 2601 2904 2905 XOR
1 1 2905 2906 INV
2 1 2906 2904 2907 AND
2 1 2581 2907 2908 XOR
1 1 2908 2909 INV
2 1 2909 2907 2910 AND
2 1 2571 2910 2911 XOR
1 1 2911 2912 INV
2 1 2912 2910 2913 AND
2 1 2551 2913 2914 XOR
1 1 2914 2915 INV
2 1 2915 2913 2916 AND
2 1 2532 2916 2917 XOR
1 1 2917 2918 INV
2 1 2918 2916 2919 AND
2 1 2512 2919 2920 XOR
1 1 2920 2921 INV
2 1 2921 2919 2922 AND
2 1 2496 2922 2923 XOR
1 1 2923 2924 INV
2 1 2924 2922 2925 AND
2 1 2478 2925 2926 XOR
1 1 2926 2927 INV
2 1 2927 2925 2928 AND
2 1 2461 2928 2929 XOR
1 1 2929 2930 INV
2 1 2930 2928 2931 AND
2 1 2443 2931 2932 XOR
1 1 2932 2933 INV
2 1 2933 2931 2934 AND
2 1 2432 2934 2935 XOR
1 1 2935 2936 INV
2 1 2936 2934 2937 AND
2 1 2414 2937 2938 XOR
1 1 2938 2939 INV
2 1 2939 2937 2940 AND
2 1 2397 2940 2941 XOR
1 1 2941 2942 INV
2 1 2942 2940 2943 AND
2 1 2379 2943 2944 XOR
1 1 2944 2945 INV
2 1 2945 2943 2946 AND
2 1 2365 2946 2947 XOR
1 1 2947 2948 INV
2 1 2948 2946 2949 AND
2 1 2347 2949 2950 XOR
1 1 2950 2951 INV
2 1 2951 2949 2952 AND
2 1 2330 2952 2953 XOR
1 1 2953 2954 INV
2 1 2954 2952 2955 AND
2 1 2312 2955 2956 XOR
1 1 2956 2957 INV
2 1 2957 2955 2958 AND
2 1 2307 2958 2959 XOR
1 1 2959 2960 INV
2 1 2960 2958 2961 AND
2 1 2289 2961 2962 XOR
1 1 2962 2963 INV
2 1 2963 2961 2964 AND
2 1 2272 2964 2965 XOR
1 1 2965 2966 INV
2 1 2966 2964 2967 AND
2 1 2254 2967 2968 XOR
1 1 2968 2969 INV
2 1 2969 2967 2970 AND
2 1 2240 2970 2971 XOR
1 1 2971 2972 INV
2 1 2972 2970 2973 AND
2 1 2224 2973 2974 XOR
1 1 2974 2975 INV
2 1 2975 2973 2976 AND
2 1 2209 2976 2977 XOR
1 1 2977 2978 INV
2 1 2978 2976 2979 AND
2 1 2193 2979 2980 XOR
1 1 2980 2981 INV
2 1 2981 2979 2982 AND
2 1 2184 2982 2983 XOR
1 1 2983 2984 INV
2 1 2984 2982 2985 AND
2 1 2168 2985 2986 XOR
1 1 2986 2987 INV
2 1 2987 2985 2988 AND
2 1 2153 2988 2989 XOR
1 1 2989 2990 INV
2 1 2990 2988 2991 AND
2 1 2137 2991 2992 XOR
1 1 2992 2993 INV
2 1 2993 2991 2994 AND
2 1 2125 2994 2995 XOR
1 1 2995 2996 INV
2 1 2996 2994 2997 AND
2 1 2111 2997 2998 XOR
1 1 2998 2999 INV
2 1 2999 2997 3000 AND
2 1 2098 3000 3001 XOR
1 1 3001 3002 INV
2 1 3002 3000 3003 AND
2 1 2084 3003 3004 XOR
1 1 3004 3005 INV
2 1 3005 3003 3006 AND
2 1 2078 3006 3007 XOR
1 1 3007 3008 INV
2 1 3008 3006 3009 AND
2 1 2066 3009 3010 XOR
1 1 3010 3011 INV
2 1 3011 3009 3012 AND
2 1 2054 3012 3013 XOR
1 1 3013 3014 INV
2 1 3014 3012 3015 AND
2 1 3015 2014 3016 AND
2 1 2044 3016 3017 XOR
1 1 3017 3018 INV
2 1 3012 2014 3019 AND
2 1 2054 3019 3020 XOR
1 1 3020 3021 INV
2 1 3009 2014 3022 AND
2 1 2066 3022 3023 XOR
1 1 3023 3024 INV
2 1 3006 2014 3025 AND
2 1 2078 3025 3026 XOR
1 1 3026 3027 INV
2 1 3003 2014 3028 AND
2 1 2084 3028 3029 XOR
1 1 3029 3030 INV
2 1 3000 2014 3031 AND
2 1 2098 3031 3032 XOR
1 1 3032 3033 INV
2 1 2997 2014 3034 AND
2 1 2111 3034 3035 XOR
1 1 3035 3036 INV
2 1 2994 2014 3037 AND
2 1 2125 3037 3038 XOR
1 1 3038 3039 INV
2 1 2991 2014 3040 AND
2 1 2137 3040 3041 XOR
1 1 3041 3042 INV
2 1 2988 2014 3043 AND
2 1 2153 3043 3044 XOR
1 1 3044 3045 INV
2 1 2985 2014 3046 AND
2 1 2168 3046 3047 XOR
1 1 3047 3048 INV
2 1 2982 2014 3049 AND
2 1 2184 3049 3050 XOR
1 1 3050 3051 INV
2 1 2979 2014 3052 AND
2 1 2193 3052 3053 XOR
1 1 3053 3054 INV
2 1 2976 2014 3055 AND
2 1 2209 3055 3056 XOR
1 1 3056 3057 INV
2 1 2973 2014 3058 AND
2 1 2224 3058 3059 XOR
1 1 3059 3060 INV
2 1 2970 2014 3061 AND
2 1 2240 3061 3062 XOR
1 1 3062 3063 INV
2 1 2967 2014 3064 AND
2 1 2254 3064 3065 XOR
1 1 3065 3066 INV
2 1 2964 2014 3067 AND
2 1 2272 3067 3068 XOR
1 1 3068 3069 INV
2 1 2961 2014 3070 AND
2 1 2289 3070 3071 XOR
1 1 3071 3072 INV
2 1 2958 2014 3073 AND
2 1 2307 3073 3074 XOR
1 1 3074 3075 INV
2 1 2955 2014 3076 AND
2 1 2312 3076 3077 XOR
1 1 3077 3078 INV
2 1 2952 2014 3079 AND
2 1 2330 3079 3080 XOR
1 1 3080 3081 INV
2 1 2949 2014 3082 AND
2 1 2347 3082 3083 XOR
1 1 3083 3084 INV
2 1 2946 2014 3085 AND
2 1 2365 3085 3086 XOR
1 1 3086 3087 INV
2 1 2943 2014 3088 AND
2 1 2379 3088 3089 XOR
1 1 3089 3090 INV
2 1 2940 2014 3091 AND
2 1 2397 3091 3092 XOR
1 1 3092 3093 INV
2 1 2937 2014 3094 AND
2 1 2414 3094 3095 XOR
1 1 3095 3096 INV
2 1 2934 2014 3097 AND
2 1 2432 3097 3098 XOR
1 1 3098 3099 INV
2 1 2931 2014 3100 AND
2 1 2443 3100 3101 XOR
1 1 3101 3102 INV
2 1 2928 2014 3103 AND
2 1 2461 3103 3104 XOR
1 1 3104 3105 INV
2 1 2925 2014 3106 AND
2 1 2478 3106 3107 XOR
1 1 3107 3108 INV
2 1 2922 2014 3109 AND
2 1 2496 3109 3110 XOR
1 1 3110 3111 INV
2 1 2919 2014 3112 AND
2 1 2512 3112 3113 XOR
1 1 3113 3114 INV
2 1 2916 2014 3115 AND
2 1 2532 3115 3116 XOR
1 1 3116 3117 INV
2 1 2913 2014 3118 AND
2 1 2551 3118 3119 XOR
1 1 3119 3120 INV
2 1 2910 2014 3121 AND
2 1 2571 3121 3122 XOR
1 1 3122 3123 INV
2 1 2907 2014 3124 AND
2 1 2581 3124 3125 XOR
1 1 3125 3126 INV
2 1 2904 2014 3127 AND
2 1 2601 3127 3128 XOR
1 1 3128 3129 INV
2 1 2901 2014 3130 AND
2 1 2620 3130 3131 XOR
1 1 3131 3132 INV
2 1 2898 2014 3133 AND
2 1 2640 3133 3134 XOR
1 1 3134 3135 INV
2 1 2895 2014 3136 AND
2 1 2656 3136 3137 XOR
1 1 3137 3138 INV
2 1 2892 2014 3139 AND
2 1 2676 3139 3140 XOR
1 1 3140 3141 INV
2 1 2889 2014 3142 AND
2 1 2695 3142 3143 XOR
1 1 3143 3144 INV
2 1 2886 2014 3145 AND
2 1 2715 3145 3146 XOR
1 1 3146 3147 INV
2 1 2883 2014 3148 AND
2 1 2728 3148 3149 XOR
1 1 3149 3150 INV
2 1 2880 2014 3151 AND
2 1 2748 3151 3152 XOR
1 1 3152 3153 INV
2 1 2877 2014 3154 AND
2 1 2767 3154 3155 XOR
1 1 3155 3156 INV
2 1 2874 2014 3157 AND
2 1 2787 3157 3158 XOR
1 1 3158 3159 INV
2 1 2871 2014 3160 AND
2 1 2803 3160 3161 XOR
1 1 3161 3162 INV
2 1 2868 2014 3163 AND
2 1 2823 3163 3164 XOR
1 1 3164 3165 INV
2 1 2865 2014 3166 AND
2 1 2842 3166 3167 XOR
1 1 3167 3168 INV
1 1 2016 3169 INV
2 1 571 2014 3170 AND
2 1 2862 3170 3171 XOR
1 1 3171 3172 INV
2 1 3169 3172 3173 AND
1 1 3173 3174 INV
1 1 3174 3175 INV
2 1 3168 3175 3176 AND
1 1 3176 3177 INV
1 1 3177 3178 INV
2 1 3165 3178 3179 AND
1 1 3179 3180 INV
1 1 3180 3181 INV
2 1 3162 3181 3182 AND
1 1 3182 3183 INV
1 1 3183 3184 INV
2 1 3159 3184 3185 AND
1 1 3185 3186 INV
1 1 3186 3187 INV
2 1 3156 3187 3188 AND
1 1 3188 3189 INV
1 1 3189 3190 INV
2 1 3153 3190 3191 AND
1 1 3191 3192 INV
1 1 3192 3193 INV
2 1 3150 3193 3194 AND
1 1 3194 3195 INV
1 1 3195 3196 INV
2 1 3147 3196 3197 AND
1 1 3197 3198 INV
1 1 3198 3199 INV
2 1 3144 3199 3200 AND
1 1 3200 3201 INV
1 1 3201 3202 INV
2 1 3141 3202 3203 AND
1 1 3203 3204 INV
1 1 3204 3205 INV
2 1 3138 3205 3206 AND
1 1 3206 3207 INV
1 1 3207 3208 INV
2 1 3135 3208 3209 AND
1 1 3209 3210 INV
1 1 3210 3211 INV
2 1 3132 3211 3212 AND
1 1 3212 3213 INV
1 1 3213 3214 INV
2 1 3129 3214 3215 AND
1 1 3215 3216 INV
1 1 3216 3217 INV
2 1 3126 3217 3218 AND
1 1 3218 3219 INV
1 1 3219 3220 INV
2 1 3123 3220 3221 AND
1 1 3221 3222 INV
1 1 3222 3223 INV
2 1 3120 3223 3224 AND
1 1 3224 3225 INV
1 1 3225 3226 INV
2 1 3117 3226 3227 AND
1 1 3227 3228 INV
1 1 3228 3229 INV
2 1 3114 3229 3230 AND
1 1 3230 3231 INV
1 1 3231 3232 INV
2 1 3111 3232 3233 AND
1 1 3233 3234 INV
1 1 3234 3235 INV
2 1 3108 3235 3236 AND
1 1 3236 3237 INV
1 1 3237 3238 INV
2 1 3105 3238 3239 AND
1 1 3239 3240 INV
1 1 3240 3241 INV
2 1 3102 3241 3242 AND
1 1 3242 3243 INV
1 1 3243 3244 INV
2 1 3099 3244 3245 AND
1 1 3245 3246 INV
1 1 3246 3247 INV
2 1 3096 3247 3248 AND
1 1 3248 3249 INV
1 1 3249 3250 INV
2 1 3093 3250 3251 AND
1 1 3251 3252 INV
1 1 3252 3253 INV
2 1 3090 3253 3254 AND
1 1 3254 3255 INV
1 1 3255 3256 INV
2 1 3087 3256 3257 AND
1 1 3257 3258 INV
1 1 3258 3259 INV
2 1 3084 3259 3260 AND
1 1 3260 3261 INV
1 1 3261 3262 INV
2 1 3081 3262 3263 AND
1 1 3263 3264 INV
1 1 3264 3265 INV
2 1 3078 3265 3266 AND
1 1 3266 3267 INV
1 1 3267 3268 INV
2 1 3075 3268 3269 AND
1 1 3269 3270 INV
1 1 3270 3271 INV
2 1 3072 3271 3272 AND
1 1 3272 3273 INV
1 1 3273 3274 INV
2 1 3069 3274 3275 AND
1 1 3275 3276 INV
1 1 3276 3277 INV
2 1 3066 3277 3278 AND
1 1 3278 3279 INV
1 1 3279 3280 INV
2 1 3063 3280 3281 AND
1 1 3281 3282 INV
1 1 3282 3283 INV
2 1 3060 3283 3284 AND
1 1 3284 3285 INV
1 1 3285 3286 INV
2 1 3057 3286 3287 AND
1 1 3287 3288 INV
1 1 3288 3289 INV
2 1 3054 3289 3290 AND
1 1 3290 3291 INV
1 1 3291 3292 INV
2 1 3051 3292 3293 AND
1 1 3293 3294 INV
1 1 3294 3295 INV
2 1 3048 3295 3296 AND
1 1 3296 3297 INV
1 1 3297 3298 INV
2 1 3045 3298 3299 AND
1 1 3299 3300 INV
1 1 3300 3301 INV
2 1 3042 3301 3302 AND
1 1 3302 3303 INV
1 1 3303 3304 INV
2 1 3039 3304 3305 AND
1 1 3305 3306 INV
1 1 3306 3307 INV
2 1 3036 3307 3308 AND
1 1 3308 3309 INV
1 1 3309 3310 INV
2 1 3033 3310 3311 AND
1 1 3311 3312 INV
1 1 3312 3313 INV
2 1 3030 3313 3314 AND
1 1 3314 3315 INV
1 1 3315 3316 INV
2 1 3027 3316 3317 AND
1 1 3317 3318 INV
1 1 3318 3319 INV
2 1 3024 3319 3320 AND
1 1 3320 3321 INV
1 1 3321 3322 INV
2 1 3021 3322 3323 AND
1 1 3323 3324 INV
1 1 3324 3325 INV
2 1 3018 3325 3326 AND
1 1 3326 3327 INV
1 1 3327 3328 INV
2 1 2040 3328 3329 AND
1 1 3329 3330 INV
1 1 3330 3331 INV
2 1 2038 3331 3332 AND
1 1 3332 3333 INV
1 1 3333 3334 INV
2 1 2036 3334 3335 AND
1 1 3335 3336 INV
1 1 3336 3337 INV
2 1 2034 3337 3338 AND
1 1 3338 3339 INV
1 1 3339 3340 INV
2 1 2032 3340 3341 AND
1 1 3341 3342 INV
1 1 3342 3343 INV
2 1 2030 3343 3344 AND
1 1 3344 3345 INV
1 1 3345 3346 INV
2 1 2028 3346 3347 AND
1 1 3347 3348 INV
1 1 3348 3349 INV
2 1 2026 3349 3350 AND
1 1 3350 3351 INV
1 1 3351 3352 INV
2 1 2024 3352 3353 AND
1 1 3353 3354 INV
1 1 3354 3355 INV
2 1 2022 3355 3356 AND
1 1 3356 3357 INV
2 1 3357 63 3358 AND
2 1 2020 3358 3359 XOR
1 1 3359 3360 INV
2 1 3354 63 3361 AND
2 1 2021 3361 3362 XOR
1 1 3362 3363 INV
2 1 3360 3363 3364 AND
1 1 3364 3365 INV
1 1 3365 3366 INV
2 1 3351 63 3367 AND
2 1 2023 3367 3368 XOR
1 1 3368 3369 INV
2 1 3348 63 3370 AND
2 1 2025 3370 3371 XOR
1 1 3371 3372 INV
2 1 3369 3372 3373 AND
1 1 3373 3374 INV
1 1 3374 3375 INV
2 1 3366 3375 3376 AND
1 1 3376 3377 INV
1 1 3377 3378 INV
2 1 3345 63 3379 AND
2 1 2027 3379 3380 XOR
1 1 3380 3381 INV
2 1 3342 63 3382 AND
2 1 2029 3382 3383 XOR
1 1 3383 3384 INV
2 1 3381 3384 3385 AND
1 1 3385 3386 INV
1 1 3386 3387 INV
2 1 3339 63 3388 AND
2 1 2031 3388 3389 XOR
1 1 3389 3390 INV
2 1 3336 63 3391 AND
2 1 2033 3391 3392 XOR
1 1 3392 3393 INV
2 1 3390 3393 3394 AND
1 1 3394 3395 INV
1 1 3395 3396 INV
2 1 3387 3396 3397 AND
1 1 3397 3398 INV
1 1 3398 3399 INV
2 1 3378 3399 3400 AND
1 1 3400 3401 INV
1 1 3401 3402 INV
2 1 3333 63 3403 AND
2 1 2035 3403 3404 XOR
1 1 3404 3405 INV
2 1 3330 63 3406 AND
2 1 2037 3406 3407 XOR
1 1 3407 3408 INV
2 1 3405 3408 3409 AND
1 1 3409 3410 INV
1 1 3410 3411 INV
2 1 3327 63 3412 AND
2 1 2039 3412 3413 XOR
1 1 3413 3414 INV
2 1 3324 63 3415 AND
2 1 3017 3415 3416 XOR
1 1 3416 3417 INV
2 1 3414 3417 3418 AND
1 1 3418 3419 INV
1 1 3419 3420 INV
2 1 3411 3420 3421 AND
1 1 3421 3422 INV
1 1 3422 3423 INV
2 1 3321 63 3424 AND
2 1 3020 3424 3425 XOR
1 1 3425 3426 INV
2 1 3318 63 3427 AND
2 1 3023 3427 3428 XOR
1 1 3428 3429 INV
2 1 3426 3429 3430 AND
1 1 3430 3431 INV
1 1 3431 3432 INV
2 1 3315 63 3433 AND
2 1 3026 3433 3434 XOR
1 1 3434 3435 INV
2 1 3312 63 3436 AND
2 1 3029 3436 3437 XOR
1 1 3437 3438 INV
2 1 3435 3438 3439 AND
1 1 3439 3440 INV
1 1 3440 3441 INV
2 1 3432 3441 3442 AND
1 1 3442 3443 INV
1 1 3443 3444 INV
2 1 3423 3444 3445 AND
1 1 3445 3446 INV
1 1 3446 3447 INV
2 1 3402 3447 3448 AND
1 1 3448 3449 INV
1 1 3449 3450 INV
2 1 3309 63 3451 AND
2 1 3032 3451 3452 XOR
1 1 3452 3453 INV
2 1 3306 63 3454 AND
2 1 3035 3454 3455 XOR
1 1 3455 3456 INV
2 1 3453 3456 3457 AND
1 1 3457 3458 INV
1 1 3458 3459 INV
2 1 3303 63 3460 AND
2 1 3038 3460 3461 XOR
1 1 3461 3462 INV
2 1 3300 63 3463 AND
2 1 3041 3463 3464 XOR
1 1 3464 3465 INV
2 1 3462 3465 3466 AND
1 1 3466 3467 INV
1 1 3467 3468 INV
2 1 3459 3468 3469 AND
1 1 3469 3470 INV
1 1 3470 3471 INV
2 1 3297 63 3472 AND
2 1 3044 3472 3473 XOR
1 1 3473 3474 INV
2 1 3294 63 3475 AND
2 1 3047 3475 3476 XOR
1 1 3476 3477 INV
2 1 3474 3477 3478 AND
1 1 3478 3479 INV
1 1 3479 3480 INV
2 1 3291 63 3481 AND
2 1 3050 3481 3482 XOR
1 1 3482 3483 INV
2 1 3288 63 3484 AND
2 1 3053 3484 3485 XOR
1 1 3485 3486 INV
2 1 3483 3486 3487 AND
1 1 3487 3488 INV
1 1 3488 3489 INV
2 1 3480 3489 3490 AND
1 1 3490 3491 INV
1 1 3491 3492 INV
2 1 3471 3492 3493 AND
1 1 3493 3494 INV
1 1 3494 3495 INV
2 1 3285 63 3496 AND
2 1 3056 3496 3497 XOR
1 1 3497 3498 INV
2 1 3282 63 3499 AND
2 1 3059 3499 3500 XOR
1 1 3500 3501 INV
2 1 3498 3501 3502 AND
1 1 3502 3503 INV
1 1 3503 3504 INV
2 1 3279 63 3505 AND
2 1 3062 3505 3506 XOR
1 1 3506 3507 INV
2 1 3276 63 3508 AND
2 1 3065 3508 3509 XOR
1 1 3509 3510 INV
2 1 3507 3510 3511 AND
1 1 3511 3512 INV
1 1 3512 3513 INV
2 1 3504 3513 3514 AND
1 1 3514 3515 INV
1 1 3515 3516 INV
2 1 3273 63 3517 AND
2 1 3068 3517 3518 XOR
1 1 3518 3519 INV
2 1 3270 63 3520 AND
2 1 3071 3520 3521 XOR
1 1 3521 3522 INV
2 1 3519 3522 3523 AND
1 1 3523 3524 INV
1 1 3524 3525 INV
2 1 3267 63 3526 AND
2 1 3074 3526 3527 XOR
1 1 3527 3528 INV
2 1 3264 63 3529 AND
2 1 3077 3529 3530 XOR
1 1 3530 3531 INV
2 1 3528 3531 3532 AND
1 1 3532 3533 INV
1 1 3533 3534 INV
2 1 3525 3534 3535 AND
1 1 3535 3536 INV
1 1 3536 3537 INV
2 1 3516 3537 3538 AND
1 1 3538 3539 INV
1 1 3539 3540 INV
2 1 3495 3540 3541 AND
1 1 3541 3542 INV
1 1 3542 3543 INV
2 1 3450 3543 3544 AND
1 1 3544 3545 INV
1 1 3545 3546 INV
1 1 3264 3547 INV
2 1 3546 3547 3548 AND
1 1 3548 3549 INV
2 1 3359 63 3550 XOR
2 1 3549 3550 3551 AND
2 1 2018 3551 3552 AND
2 1 2016 3552 3553 XOR
1 1 1999 3554 INV
2 1 325 3554 3555 AND
2 1 3555 351 3556 AND
1 1 3556 3557 INV
2 1 3553 3557 3558 AND
1 1 3558 3559 INV
2 1 352 3559 3560 AND
2 1 3560 3558 3962 XOR
2 1 2016 63 3561 AND
2 1 3171 3561 3562 XOR
2 1 3552 3562 3563 XOR
2 1 3563 3557 3564 AND
1 1 3564 3565 INV
2 1 352 3565 3566 AND
2 1 3566 3564 3963 XOR
2 1 3174 63 3567 AND
2 1 3167 3567 3568 XOR
2 1 3552 3568 3569 XOR
2 1 3569 3557 3570 AND
1 1 3570 3571 INV
2 1 352 3571 3572 AND
2 1 3572 3570 3964 XOR
2 1 3177 63 3573 AND
2 1 3164 3573 3574 XOR
2 1 3552 3574 3575 XOR
2 1 3575 3557 3576 AND
1 1 3576 3577 INV
2 1 352 3577 3578 AND
2 1 3578 3576 3965 XOR
2 1 3180 63 3579 AND
2 1 3161 3579 3580 XOR
2 1 3552 3580 3581 XOR
2 1 3581 3557 3582 AND
1 1 3582 3583 INV
2 1 352 3583 3584 AND
2 1 3584 3582 3966 XOR
2 1 3183 63 3585 AND
2 1 3158 3585 3586 XOR
2 1 3552 3586 3587 XOR
2 1 3587 3557 3588 AND
1 1 3588 3589 INV
2 1 352 3589 3590 AND
2 1 3590 3588 3967 XOR
2 1 3186 63 3591 AND
2 1 3155 3591 3592 XOR
2 1 3552 3592 3593 XOR
2 1 3593 3557 3594 AND
1 1 3594 3595 INV
2 1 352 3595 3596 AND
2 1 3596 3594 3968 XOR
2 1 3189 63 3597 AND
2 1 3152 3597 3598 XOR
2 1 3552 3598 3599 XOR
2 1 3599 3557 3600 AND
1 1 3600 3601 INV
2 1 352 3601 3602 AND
2 1 3602 3600 3969 XOR
2 1 3192 63 3603 AND
2 1 3149 3603 3604 XOR
2 1 3552 3604 3605 XOR
2 1 3605 3557 3606 AND
1 1 3606 3607 INV
2 1 352 3607 3608 AND
2 1 3608 3606 3970 XOR
2 1 3195 63 3609 AND
2 1 3146 3609 3610 XOR
2 1 3552 3610 3611 XOR
2 1 3611 3557 3612 AND
1 1 3612 3613 INV
2 1 352 3613 3614 AND
2 1 3614 3612 3971 XOR
2 1 3198 63 3615 AND
2 1 3143 3615 3616 XOR
2 1 3552 3616 3617 XOR
2 1 3617 3557 3618 AND
1 1 3618 3619 INV
2 1 352 3619 3620 AND
2 1 3620 3618 3972 XOR
2 1 3201 63 3621 AND
2 1 3140 3621 3622 XOR
2 1 3622 2017 3623 XOR
2 1 3623 3551 3624 AND
2 1 3622 3624 3625 XOR
2 1 3625 3557 3626 AND
1 1 3626 3627 INV
2 1 352 3627 3628 AND
2 1 3628 3626 3973 XOR
2 1 3204 63 3629 AND
2 1 3137 3629 3630 XOR
2 1 3630 2017 3631 XOR
2 1 3631 3551 3632 AND
2 1 3630 3632 3633 XOR
2 1 3633 3557 3634 AND
1 1 3634 3635 INV
2 1 352 3635 3636 AND
2 1 3636 3634 3974 XOR
2 1 3207 63 3637 AND
2 1 3134 3637 3638 XOR
2 1 3638 2017 3639 XOR
2 1 3639 3551 3640 AND
2 1 3638 3640 3641 XOR
2 1 3641 3557 3642 AND
1 1 3642 3643 INV
2 1 352 3643 3644 AND
2 1 3644 3642 3975 XOR
2 1 3210 63 3645 AND
2 1 3131 3645 3646 XOR
2 1 3646 2017 3647 XOR
2 1 3647 3551 3648 AND
2 1 3646 3648 3649 XOR
2 1 3649 3557 3650 AND
1 1 3650 3651 INV
2 1 352 3651 3652 AND
2 1 3652 3650 3976 XOR
2 1 3213 63 3653 AND
2 1 3128 3653 3654 XOR
2 1 3654 2017 3655 XOR
2 1 3655 3551 3656 AND
2 1 3654 3656 3657 XOR
2 1 3657 3557 3658 AND
1 1 3658 3659 INV
2 1 352 3659 3660 AND
2 1 3660 3658 3977 XOR
2 1 3216 63 3661 AND
2 1 3125 3661 3662 XOR
2 1 3662 2017 3663 XOR
2 1 3663 3551 3664 AND
2 1 3662 3664 3665 XOR
2 1 3665 3557 3666 AND
1 1 3666 3667 INV
2 1 352 3667 3668 AND
2 1 3668 3666 3978 XOR
2 1 3219 63 3669 AND
2 1 3122 3669 3670 XOR
2 1 3670 2017 3671 XOR
2 1 3671 3551 3672 AND
2 1 3670 3672 3673 XOR
2 1 3673 3557 3674 AND
1 1 3674 3675 INV
2 1 352 3675 3676 AND
2 1 3676 3674 3979 XOR
2 1 3222 63 3677 AND
2 1 3119 3677 3678 XOR
2 1 3678 2017 3679 XOR
2 1 3679 3551 3680 AND
2 1 3678 3680 3681 XOR
2 1 3681 3557 3682 AND
1 1 3682 3683 INV
2 1 352 3683 3684 AND
2 1 3684 3682 3980 XOR
2 1 3225 63 3685 AND
2 1 3116 3685 3686 XOR
2 1 3686 2017 3687 XOR
2 1 3687 3551 3688 AND
2 1 3686 3688 3689 XOR
2 1 3689 3557 3690 AND
1 1 3690 3691 INV
2 1 352 3691 3692 AND
2 1 3692 3690 3981 XOR
2 1 3228 63 3693 AND
2 1 3113 3693 3694 XOR
2 1 3694 2017 3695 XOR
2 1 3695 3551 3696 AND
2 1 3694 3696 3697 XOR
2 1 3697 3557 3698 AND
1 1 3698 3699 INV
2 1 352 3699 3700 AND
2 1 3700 3698 3982 XOR
2 1 3231 63 3701 AND
2 1 3110 3701 3702 XOR
2 1 3702 2017 3703 XOR
2 1 3703 3551 3704 AND
2 1 3702 3704 3705 XOR
2 1 3705 3557 3706 AND
1 1 3706 3707 INV
2 1 352 3707 3708 AND
2 1 3708 3706 3983 XOR
2 1 3234 63 3709 AND
2 1 3107 3709 3710 XOR
2 1 3710 2017 3711 XOR
2 1 3711 3551 3712 AND
2 1 3710 3712 3713 XOR
2 1 3713 3557 3714 AND
1 1 3714 3715 INV
2 1 352 3715 3716 AND
2 1 3716 3714 3984 XOR
2 1 3237 63 3717 AND
2 1 3104 3717 3718 XOR
2 1 3718 2017 3719 XOR
2 1 3719 3551 3720 AND
2 1 3718 3720 3721 XOR
2 1 3721 3557 3722 AND
1 1 3722 3723 INV
2 1 352 3723 3724 AND
2 1 3724 3722 3985 XOR
2 1 3240 63 3725 AND
2 1 3101 3725 3726 XOR
2 1 3726 2017 3727 XOR
2 1 3727 3551 3728 AND
2 1 3726 3728 3729 XOR
2 1 3729 3557 3730 AND
1 1 3730 3731 INV
2 1 352 3731 3732 AND
2 1 3732 3730 3986 XOR
2 1 3243 63 3733 AND
2 1 3098 3733 3734 XOR
2 1 3734 2017 3735 XOR
2 1 3735 3551 3736 AND
2 1 3734 3736 3737 XOR
2 1 3737 3557 3738 AND
1 1 3738 3739 INV
2 1 352 3739 3740 AND
2 1 3740 3738 3987 XOR
2 1 3246 63 3741 AND
2 1 3095 3741 3742 XOR
2 1 3742 2017 3743 XOR
2 1 3743 3551 3744 AND
2 1 3742 3744 3745 XOR
2 1 3745 3557 3746 AND
1 1 3746 3747 INV
2 1 352 3747 3748 AND
2 1 3748 3746 3988 XOR
2 1 3249 63 3749 AND
2 1 3092 3749 3750 XOR
2 1 3750 2017 3751 XOR
2 1 3751 3551 3752 AND
2 1 3750 3752 3753 XOR
2 1 3753 3557 3754 AND
1 1 3754 3755 INV
2 1 352 3755 3756 AND
2 1 3756 3754 3989 XOR
2 1 3252 63 3757 AND
2 1 3089 3757 3758 XOR
2 1 3758 2017 3759 XOR
2 1 3759 3551 3760 AND
2 1 3758 3760 3761 XOR
2 1 3761 3557 3762 AND
1 1 3762 3763 INV
2 1 352 3763 3764 AND
2 1 3764 3762 3990 XOR
2 1 3255 63 3765 AND
2 1 3086 3765 3766 XOR
2 1 3766 2017 3767 XOR
2 1 3767 3551 3768 AND
2 1 3766 3768 3769 XOR
2 1 3769 3557 3770 AND
1 1 3770 3771 INV
2 1 352 3771 3772 AND
2 1 3772 3770 3991 XOR
2 1 3258 63 3773 AND
2 1 3083 3773 3774 XOR
2 1 3774 2017 3775 XOR
2 1 3775 3551 3776 AND
2 1 3774 3776 3777 XOR
2 1 3777 3557 3778 AND
1 1 3778 3779 INV
2 1 352 3779 3780 AND
2 1 3780 3778 3992 XOR
2 1 3261 63 3781 AND
2 1 3080 3781 3782 XOR
2 1 3782 2017 3783 XOR
2 1 3783 3551 3784 AND
2 1 3782 3784 3785 XOR
2 1 3785 3557 3786 AND
1 1 3786 3787 INV
2 1 352 3787 3788 AND
2 1 3788 3786 3993 XOR
2 1 3530 2017 3789 XOR
2 1 3789 3551 3790 AND
2 1 3530 3790 3791 XOR
2 1 3791 3557 3792 AND
1 1 3792 3793 INV
2 1 352 3793 3794 AND
2 1 3794 3792 3994 XOR
2 1 3527 2017 3795 XOR
2 1 3795 3551 3796 AND
2 1 3527 3796 3797 XOR
2 1 3797 3557 3798 AND
1 1 3798 3799 INV
2 1 352 3799 3800 AND
2 1 3800 3798 3995 XOR
2 1 3521 2017 3801 XOR
2 1 3801 3551 3802 AND
2 1 3521 3802 3803 XOR
2 1 3803 3557 3804 AND
1 1 3804 3805 INV
2 1 352 3805 3806 AND
2 1 3806 3804 3996 XOR
2 1 3518 2017 3807 XOR
2 1 3807 3551 3808 AND
2 1 3518 3808 3809 XOR
2 1 3809 3557 3810 AND
1 1 3810 3811 INV
2 1 352 3811 3812 AND
2 1 3812 3810 3997 XOR
2 1 3509 2017 3813 XOR
2 1 3813 3551 3814 AND
2 1 3509 3814 3815 XOR
2 1 3815 3557 3816 AND
1 1 3816 3817 INV
2 1 352 3817 3818 AND
2 1 3818 3816 3998 XOR
2 1 3506 2017 3819 XOR
2 1 3819 3551 3820 AND
2 1 3506 3820 3821 XOR
2 1 3821 3557 3822 AND
1 1 3822 3823 INV
2 1 352 3823 3824 AND
2 1 3824 3822 3999 XOR
2 1 3500 2017 3825 XOR
2 1 3825 3551 3826 AND
2 1 3500 3826 3827 XOR
2 1 3827 3557 3828 AND
1 1 3828 3829 INV
2 1 352 3829 3830 AND
2 1 3830 3828 4000 XOR
2 1 3497 2017 3831 XOR
2 1 3831 3551 3832 AND
2 1 3497 3832 3833 XOR
2 1 3833 3557 3834 AND
1 1 3834 3835 INV
2 1 352 3835 3836 AND
2 1 3836 3834 4001 XOR
2 1 3485 2017 3837 XOR
2 1 3837 3551 3838 AND
2 1 3485 3838 3839 XOR
2 1 3839 3557 3840 AND
1 1 3840 3841 INV
2 1 352 3841 3842 AND
2 1 3842 3840 4002 XOR
2 1 3482 2017 3843 XOR
2 1 3843 3551 3844 AND
2 1 3482 3844 3845 XOR
2 1 3845 3557 3846 AND
1 1 3846 3847 INV
2 1 352 3847 3848 AND
2 1 3848 3846 4003 XOR
2 1 3476 2017 3849 XOR
2 1 3849 3551 3850 AND
2 1 3476 3850 3851 XOR
2 1 3851 3557 3852 AND
1 1 3852 3853 INV
2 1 352 3853 3854 AND
2 1 3854 3852 4004 XOR
2 1 3473 2017 3855 XOR
2 1 3855 3551 3856 AND
2 1 3473 3856 3857 XOR
2 1 3857 3557 3858 AND
1 1 3858 3859 INV
2 1 352 3859 3860 AND
2 1 3860 3858 4005 XOR
2 1 3464 2017 3861 XOR
2 1 3861 3551 3862 AND
2 1 3464 3862 3863 XOR
2 1 3863 3557 3864 AND
1 1 3864 3865 INV
2 1 352 3865 3866 AND
2 1 3866 3864 4006 XOR
2 1 3461 2017 3867 XOR
2 1 3867 3551 3868 AND
2 1 3461 3868 3869 XOR
2 1 3869 3557 3870 AND
1 1 3870 3871 INV
2 1 352 3871 3872 AND
2 1 3872 3870 4007 XOR
2 1 3455 2017 3873 XOR
2 1 3873 3551 3874 AND
2 1 3455 3874 3875 XOR
2 1 3875 3557 3876 AND
1 1 3876 3877 INV
2 1 352 3877 3878 AND
2 1 3878 3876 4008 XOR
2 1 3452 2017 3879 XOR
2 1 3879 3551 3880 AND
2 1 3452 3880 3881 XOR
2 1 3881 3557 3882 AND
1 1 3882 3883 INV
2 1 352 3883 3884 AND
2 1 3884 3882 4009 XOR
2 1 3437 2017 3885 XOR
2 1 3885 3551 3886 AND
2 1 3437 3886 3887 XOR
2 1 3887 3557 3888 AND
1 1 3888 3889 INV
2 1 352 3889 3890 AND
2 1 3890 3888 4010 XOR
2 1 3434 2017 3891 XOR
2 1 3891 3551 3892 AND
2 1 3434 3892 3893 XOR
2 1 3893 3557 3894 AND
1 1 3894 3895 INV
2 1 352 3895 3896 AND
2 1 3896 3894 4011 XOR
2 1 3428 2017 3897 XOR
2 1 3897 3551 3898 AND
2 1 3428 3898 3899 XOR
2 1 3899 3557 3900 AND
1 1 3900 3901 INV
2 1 352 3901 3902 AND
2 1 3902 3900 4012 XOR
2 1 3425 2017 3903 XOR
2 1 3903 3551 3904 AND
2 1 3425 3904 3905 XOR
2 1 3905 3557 3906 AND
1 1 3906 3907 INV
2 1 352 3907 3908 AND
2 1 3908 3906 4013 XOR
2 1 3416 2017 3909 XOR
2 1 3909 3551 3910 AND
2 1 3416 3910 3911 XOR
2 1 3911 3557 3912 AND
1 1 3912 3913 INV
2 1 352 3913 3914 AND
2 1 3914 3912 4014 XOR
2 1 3413 2017 3915 XOR
2 1 3915 3551 3916 AND
2 1 3413 3916 3917 XOR
2 1 3917 3557 3918 AND
1 1 3918 3919 INV
2 1 352 3919 3920 AND
2 1 3920 3918 4015 XOR
2 1 3407 2017 3921 XOR
2 1 3921 3551 3922 AND
2 1 3407 3922 3923 XOR
2 1 3923 3557 3924 AND
2 1 3920 3924 4016 XOR
2 1 3404 2017 3925 XOR
2 1 3925 3551 3926 AND
2 1 3404 3926 3927 XOR
2 1 3927 3557 3928 AND
2 1 3920 3928 4017 XOR
2 1 3392 2017 3929 XOR
2 1 3929 3551 3930 AND
2 1 3392 3930 3931 XOR
2 1 3931 3557 3932 AND
2 1 3920 3932 4018 XOR
2 1 3389 2017 3933 XOR
2 1 3933 3551 3934 AND
2 1 3389 3934 3935 XOR
2 1 3935 3557 3936 AND
2 1 3920 3936 4019 XOR
2 1 3383 2017 3937 XOR
2 1 3937 3551 3938 AND
2 1 3383 3938 3939 XOR
2 1 3939 3557 3940 AND
2 1 3920 3940 4020 XOR
2 1 3380 2017 3941 XOR
2 1 3941 3551 3942 AND
2 1 3380 3942 3943 XOR
2 1 3943 3557 3944 AND
2 1 3920 3944 4021 XOR
2 1 3371 2017 3945 XOR
2 1 3945 3551 3946 AND
2 1 3371 3946 3947 XOR
2 1 3947 3557 3948 AND
2 1 3920 3948 4022 XOR
2 1 3368 2017 3949 XOR
2 1 3949 3551 3950 AND
2 1 3368 3950 3951 XOR
2 1 3951 3557 3952 AND
2 1 3920 3952 4023 XOR
2 1 3362 2017 3953 XOR
2 1 3953 3551 3954 AND
2 1 3362 3954 3955 XOR
2 1 3955 3557 3956 AND
2 1 3920 3956 4024 XOR
2 1 3359 3551 3957 XOR
1 1 3957 3958 INV
2 1 3556 3958 3959 AND
2 1 3957 3959 3960 XOR
1 1 352 3961 INV
2 1 3960 3961 4025 AND
