1668 1732
1 64 
1 64

1 1 54 64 INV
2 1 54 55 65 XOR
1 1 65 66 INV
2 1 64 66 67 AND
2 1 67 56 68 XOR
1 1 68 69 INV
2 1 64 65 70 AND
2 1 70 54 71 XOR
2 1 69 71 72 AND
2 1 72 67 73 XOR
2 1 73 57 74 XOR
1 1 74 75 INV
2 1 52 53 76 AND
2 1 64 76 77 AND
2 1 66 77 78 AND
2 1 69 78 79 AND
2 1 75 79 80 AND
1 1 80 81 INV
2 1 81 63 82 AND
2 1 82 0 83 XOR
2 1 83 80 84 AND
1 1 61 85 INV
1 1 62 86 INV
2 1 85 86 87 AND
1 1 87 88 INV
1 1 88 89 INV
1 1 59 90 INV
1 1 60 91 INV
2 1 90 91 92 AND
1 1 92 93 INV
1 1 93 94 INV
2 1 89 94 95 AND
1 1 95 96 INV
1 1 96 97 INV
1 1 57 98 INV
1 1 58 99 INV
2 1 98 99 100 AND
1 1 100 101 INV
1 1 101 102 INV
1 1 55 103 INV
1 1 56 104 INV
2 1 103 104 105 AND
1 1 105 106 INV
1 1 106 107 INV
2 1 102 107 108 AND
1 1 108 109 INV
1 1 109 110 INV
2 1 97 110 111 AND
1 1 111 112 INV
1 1 112 113 INV
1 1 53 114 INV
1 1 54 115 INV
2 1 114 115 116 AND
1 1 116 117 INV
1 1 117 118 INV
1 1 51 119 INV
1 1 52 120 INV
2 1 119 120 121 AND
1 1 121 122 INV
1 1 122 123 INV
2 1 118 123 124 AND
1 1 124 125 INV
1 1 125 126 INV
1 1 49 127 INV
1 1 50 128 INV
2 1 127 128 129 AND
1 1 129 130 INV
1 1 130 131 INV
1 1 47 132 INV
1 1 48 133 INV
2 1 132 133 134 AND
1 1 134 135 INV
1 1 135 136 INV
2 1 131 136 137 AND
1 1 137 138 INV
1 1 138 139 INV
2 1 126 139 140 AND
1 1 140 141 INV
1 1 141 142 INV
2 1 113 142 143 AND
1 1 143 144 INV
1 1 144 145 INV
1 1 45 146 INV
1 1 46 147 INV
2 1 146 147 148 AND
1 1 148 149 INV
1 1 149 150 INV
1 1 43 151 INV
1 1 44 152 INV
2 1 151 152 153 AND
1 1 153 154 INV
1 1 154 155 INV
2 1 150 155 156 AND
1 1 156 157 INV
1 1 157 158 INV
1 1 41 159 INV
1 1 42 160 INV
2 1 159 160 161 AND
1 1 161 162 INV
1 1 162 163 INV
1 1 39 164 INV
1 1 40 165 INV
2 1 164 165 166 AND
1 1 166 167 INV
1 1 167 168 INV
2 1 163 168 169 AND
1 1 169 170 INV
1 1 170 171 INV
2 1 158 171 172 AND
1 1 172 173 INV
1 1 173 174 INV
1 1 37 175 INV
1 1 38 176 INV
2 1 175 176 177 AND
1 1 177 178 INV
1 1 178 179 INV
1 1 35 180 INV
1 1 36 181 INV
2 1 180 181 182 AND
1 1 182 183 INV
1 1 183 184 INV
2 1 179 184 185 AND
1 1 185 186 INV
1 1 186 187 INV
1 1 33 188 INV
1 1 34 189 INV
2 1 188 189 190 AND
1 1 190 191 INV
1 1 191 192 INV
1 1 31 193 INV
1 1 32 194 INV
2 1 193 194 195 AND
1 1 195 196 INV
1 1 196 197 INV
2 1 192 197 198 AND
1 1 198 199 INV
1 1 199 200 INV
2 1 187 200 201 AND
1 1 201 202 INV
1 1 202 203 INV
2 1 174 203 204 AND
1 1 204 205 INV
1 1 205 206 INV
2 1 145 206 207 AND
1 1 207 208 INV
1 1 208 209 INV
1 1 29 210 INV
1 1 30 211 INV
2 1 210 211 212 AND
1 1 212 213 INV
1 1 213 214 INV
1 1 27 215 INV
1 1 28 216 INV
2 1 215 216 217 AND
1 1 217 218 INV
1 1 218 219 INV
2 1 214 219 220 AND
1 1 220 221 INV
1 1 221 222 INV
1 1 25 223 INV
1 1 26 224 INV
2 1 223 224 225 AND
1 1 225 226 INV
1 1 226 227 INV
1 1 23 228 INV
1 1 24 229 INV
2 1 228 229 230 AND
1 1 230 231 INV
1 1 231 232 INV
2 1 227 232 233 AND
1 1 233 234 INV
1 1 234 235 INV
2 1 222 235 236 AND
1 1 236 237 INV
1 1 237 238 INV
1 1 21 239 INV
1 1 22 240 INV
2 1 239 240 241 AND
1 1 241 242 INV
1 1 242 243 INV
1 1 19 244 INV
1 1 20 245 INV
2 1 244 245 246 AND
1 1 246 247 INV
1 1 247 248 INV
2 1 243 248 249 AND
1 1 249 250 INV
1 1 250 251 INV
1 1 17 252 INV
1 1 18 253 INV
2 1 252 253 254 AND
1 1 254 255 INV
1 1 255 256 INV
1 1 15 257 INV
1 1 16 258 INV
2 1 257 258 259 AND
1 1 259 260 INV
1 1 260 261 INV
2 1 256 261 262 AND
1 1 262 263 INV
1 1 263 264 INV
2 1 251 264 265 AND
1 1 265 266 INV
1 1 266 267 INV
2 1 238 267 268 AND
1 1 268 269 INV
1 1 269 270 INV
1 1 13 271 INV
1 1 14 272 INV
2 1 271 272 273 AND
1 1 273 274 INV
1 1 274 275 INV
1 1 11 276 INV
1 1 12 277 INV
2 1 276 277 278 AND
1 1 278 279 INV
1 1 279 280 INV
2 1 275 280 281 AND
1 1 281 282 INV
1 1 282 283 INV
1 1 9 284 INV
1 1 10 285 INV
2 1 284 285 286 AND
1 1 286 287 INV
1 1 287 288 INV
1 1 7 289 INV
1 1 8 290 INV
2 1 289 290 291 AND
1 1 291 292 INV
1 1 292 293 INV
2 1 288 293 294 AND
1 1 294 295 INV
1 1 295 296 INV
2 1 283 296 297 AND
1 1 297 298 INV
1 1 298 299 INV
1 1 5 300 INV
1 1 6 301 INV
2 1 300 301 302 AND
1 1 302 303 INV
1 1 303 304 INV
1 1 3 305 INV
1 1 4 306 INV
2 1 305 306 307 AND
1 1 307 308 INV
1 1 308 309 INV
2 1 304 309 310 AND
1 1 310 311 INV
1 1 311 312 INV
1 1 1 313 INV
1 1 2 314 INV
2 1 313 314 315 AND
1 1 315 316 INV
1 1 316 317 INV
1 1 0 318 INV
2 1 317 318 319 AND
1 1 319 320 INV
1 1 320 321 INV
2 1 312 321 322 AND
1 1 322 323 INV
1 1 323 324 INV
2 1 299 324 325 AND
1 1 325 326 INV
1 1 326 327 INV
2 1 270 327 328 AND
1 1 328 329 INV
1 1 329 330 INV
2 1 209 330 331 AND
1 1 331 332 INV
2 1 58 59 333 AND
2 1 56 57 334 AND
2 1 333 334 335 AND
2 1 54 55 336 AND
2 1 76 336 337 AND
2 1 335 337 338 AND
2 1 338 60 339 XOR
1 1 339 340 INV
2 1 340 338 341 AND
2 1 341 61 342 XOR
1 1 342 343 INV
2 1 343 341 344 AND
2 1 344 62 345 XOR
1 1 344 346 INV
2 1 345 346 347 AND
2 1 347 344 348 XOR
1 1 348 349 INV
2 1 332 349 350 AND
1 1 350 351 INV
2 1 84 351 352 AND
2 1 352 0 353 XOR
2 1 76 54 354 XOR
1 1 76 355 INV
2 1 354 355 356 AND
2 1 356 76 357 XOR
2 1 357 55 358 XOR
1 1 357 359 INV
2 1 358 359 360 AND
2 1 360 357 361 XOR
2 1 361 56 362 XOR
1 1 362 363 INV
2 1 361 363 364 AND
2 1 364 57 365 XOR
1 1 365 366 INV
2 1 366 364 367 AND
2 1 367 58 368 XOR
1 1 367 369 INV
2 1 368 369 370 AND
2 1 370 367 371 XOR
2 1 371 59 372 XOR
1 1 371 373 INV
2 1 372 373 374 AND
2 1 374 371 375 XOR
2 1 375 60 376 XOR
1 1 375 377 INV
2 1 376 377 378 AND
2 1 378 375 379 XOR
2 1 379 61 380 XOR
1 1 379 381 INV
2 1 380 381 382 AND
2 1 382 379 383 XOR
2 1 383 62 384 XOR
1 1 384 385 INV
2 1 383 385 386 AND
1 1 50 387 INV
1 1 51 388 INV
2 1 387 388 389 AND
1 1 389 390 INV
1 1 390 391 INV
1 1 48 392 INV
1 1 49 393 INV
2 1 392 393 394 AND
1 1 394 395 INV
1 1 395 396 INV
2 1 391 396 397 AND
1 1 397 398 INV
1 1 398 399 INV
1 1 46 400 INV
1 1 47 401 INV
2 1 400 401 402 AND
1 1 402 403 INV
1 1 403 404 INV
1 1 44 405 INV
1 1 45 406 INV
2 1 405 406 407 AND
1 1 407 408 INV
1 1 408 409 INV
2 1 404 409 410 AND
1 1 410 411 INV
1 1 411 412 INV
1 1 42 413 INV
1 1 43 414 INV
2 1 413 414 415 AND
1 1 415 416 INV
1 1 416 417 INV
1 1 40 418 INV
1 1 41 419 INV
2 1 418 419 420 AND
1 1 420 421 INV
1 1 421 422 INV
2 1 417 422 423 AND
1 1 423 424 INV
1 1 424 425 INV
2 1 412 425 426 AND
1 1 426 427 INV
1 1 427 428 INV
1 1 38 429 INV
1 1 39 430 INV
2 1 429 430 431 AND
1 1 431 432 INV
1 1 432 433 INV
1 1 36 434 INV
1 1 37 435 INV
2 1 434 435 436 AND
1 1 436 437 INV
1 1 437 438 INV
2 1 433 438 439 AND
1 1 439 440 INV
1 1 440 441 INV
1 1 34 442 INV
1 1 35 443 INV
2 1 442 443 444 AND
1 1 444 445 INV
1 1 445 446 INV
1 1 32 447 INV
1 1 33 448 INV
2 1 447 448 449 AND
1 1 449 450 INV
1 1 450 451 INV
2 1 446 451 452 AND
1 1 452 453 INV
1 1 453 454 INV
2 1 441 454 455 AND
1 1 455 456 INV
1 1 456 457 INV
2 1 428 457 458 AND
1 1 458 459 INV
1 1 459 460 INV
2 1 399 460 461 AND
1 1 461 462 INV
1 1 462 463 INV
1 1 30 464 INV
1 1 31 465 INV
2 1 464 465 466 AND
1 1 466 467 INV
1 1 467 468 INV
1 1 28 469 INV
1 1 29 470 INV
2 1 469 470 471 AND
1 1 471 472 INV
1 1 472 473 INV
2 1 468 473 474 AND
1 1 474 475 INV
1 1 475 476 INV
1 1 26 477 INV
1 1 27 478 INV
2 1 477 478 479 AND
1 1 479 480 INV
1 1 480 481 INV
1 1 24 482 INV
1 1 25 483 INV
2 1 482 483 484 AND
1 1 484 485 INV
1 1 485 486 INV
2 1 481 486 487 AND
1 1 487 488 INV
1 1 488 489 INV
2 1 476 489 490 AND
1 1 490 491 INV
1 1 491 492 INV
1 1 22 493 INV
1 1 23 494 INV
2 1 493 494 495 AND
1 1 495 496 INV
1 1 496 497 INV
1 1 20 498 INV
1 1 21 499 INV
2 1 498 499 500 AND
1 1 500 501 INV
1 1 501 502 INV
2 1 497 502 503 AND
1 1 503 504 INV
1 1 504 505 INV
1 1 18 506 INV
1 1 19 507 INV
2 1 506 507 508 AND
1 1 508 509 INV
1 1 509 510 INV
1 1 16 511 INV
1 1 17 512 INV
2 1 511 512 513 AND
1 1 513 514 INV
1 1 514 515 INV
2 1 510 515 516 AND
1 1 516 517 INV
1 1 517 518 INV
2 1 505 518 519 AND
1 1 519 520 INV
1 1 520 521 INV
2 1 492 521 522 AND
1 1 522 523 INV
1 1 523 524 INV
1 1 14 525 INV
1 1 15 526 INV
2 1 525 526 527 AND
1 1 527 528 INV
1 1 528 529 INV
1 1 12 530 INV
1 1 13 531 INV
2 1 530 531 532 AND
1 1 532 533 INV
1 1 533 534 INV
2 1 529 534 535 AND
1 1 535 536 INV
1 1 536 537 INV
1 1 10 538 INV
1 1 11 539 INV
2 1 538 539 540 AND
1 1 540 541 INV
1 1 541 542 INV
1 1 8 543 INV
1 1 9 544 INV
2 1 543 544 545 AND
1 1 545 546 INV
1 1 546 547 INV
2 1 542 547 548 AND
1 1 548 549 INV
1 1 549 550 INV
2 1 537 550 551 AND
1 1 551 552 INV
1 1 552 553 INV
1 1 6 554 INV
1 1 7 555 INV
2 1 554 555 556 AND
1 1 556 557 INV
1 1 557 558 INV
1 1 4 559 INV
1 1 5 560 INV
2 1 559 560 561 AND
1 1 561 562 INV
1 1 562 563 INV
2 1 558 563 564 AND
1 1 564 565 INV
1 1 565 566 INV
1 1 2 567 INV
1 1 3 568 INV
2 1 567 568 569 AND
1 1 569 570 INV
1 1 570 571 INV
1 1 0 572 INV
1 1 1 573 INV
2 1 572 573 574 AND
1 1 574 575 INV
1 1 575 576 INV
2 1 571 576 577 AND
1 1 577 578 INV
1 1 578 579 INV
2 1 566 579 580 AND
1 1 580 581 INV
1 1 581 582 INV
2 1 553 582 583 AND
1 1 583 584 INV
1 1 584 585 INV
2 1 524 585 586 AND
1 1 586 587 INV
1 1 587 588 INV
2 1 463 588 589 AND
1 1 589 590 INV
2 1 60 61 591 AND
2 1 591 62 592 AND
2 1 592 338 593 AND
2 1 590 593 594 AND
1 1 594 595 INV
2 1 386 595 596 AND
2 1 353 596 597 AND
2 1 597 352 598 XOR
2 1 598 0 599 XOR
2 1 599 594 600 AND
2 1 598 600 1668 XOR
2 1 81 0 601 AND
2 1 64 53 602 AND
2 1 66 602 603 AND
2 1 69 603 604 AND
2 1 75 604 605 AND
2 1 601 605 606 XOR
1 1 606 607 INV
2 1 607 63 608 AND
2 1 608 1 609 XOR
2 1 609 605 610 AND
2 1 610 351 611 AND
2 1 611 1 612 XOR
2 1 596 612 613 AND
2 1 613 611 614 XOR
2 1 614 1 615 XOR
2 1 615 594 616 AND
2 1 614 616 1669 XOR
2 1 601 1 617 XOR
2 1 617 607 618 AND
2 1 601 618 619 XOR
1 1 53 620 INV
2 1 620 52 621 AND
2 1 621 53 622 XOR
2 1 64 622 623 AND
2 1 66 623 624 AND
2 1 69 624 625 AND
2 1 75 625 626 AND
2 1 619 626 627 XOR
1 1 627 628 INV
2 1 628 63 629 AND
2 1 629 2 630 XOR
2 1 630 626 631 AND
2 1 631 351 632 AND
2 1 632 2 633 XOR
2 1 596 633 634 AND
2 1 634 632 635 XOR
2 1 635 2 636 XOR
2 1 636 594 637 AND
2 1 635 637 1670 XOR
2 1 619 2 638 XOR
2 1 638 628 639 AND
2 1 619 639 640 XOR
2 1 69 67 641 AND
2 1 75 641 642 AND
2 1 640 642 643 XOR
1 1 643 644 INV
2 1 644 63 645 AND
2 1 645 3 646 XOR
2 1 646 642 647 AND
2 1 647 351 648 AND
2 1 648 3 649 XOR
2 1 596 649 650 AND
2 1 650 648 651 XOR
2 1 651 3 652 XOR
2 1 652 594 653 AND
2 1 651 653 1671 XOR
2 1 640 3 654 XOR
2 1 654 644 655 AND
2 1 640 655 656 XOR
2 1 67 337 657 XOR
2 1 69 657 658 AND
2 1 75 658 659 AND
2 1 656 659 660 XOR
1 1 660 661 INV
2 1 661 63 662 AND
2 1 662 4 663 XOR
2 1 663 659 664 AND
2 1 664 351 665 AND
2 1 665 4 666 XOR
2 1 596 666 667 AND
2 1 667 665 668 XOR
2 1 668 4 669 XOR
2 1 669 594 670 AND
2 1 668 670 1672 XOR
2 1 656 4 671 XOR
2 1 671 661 672 AND
2 1 656 672 673 XOR
1 1 52 674 INV
2 1 674 53 675 AND
2 1 675 54 676 AND
2 1 676 66 677 AND
2 1 677 657 678 XOR
2 1 69 678 679 AND
2 1 75 679 680 AND
2 1 673 680 681 XOR
1 1 681 682 INV
2 1 682 63 683 AND
2 1 683 5 684 XOR
2 1 684 680 685 AND
2 1 685 351 686 AND
2 1 686 5 687 XOR
2 1 596 687 688 AND
2 1 688 686 689 XOR
2 1 689 5 690 XOR
2 1 690 594 691 AND
2 1 689 691 1673 XOR
2 1 673 5 692 XOR
2 1 692 682 693 AND
2 1 673 693 694 XOR
2 1 621 54 695 AND
2 1 695 66 696 AND
2 1 696 678 697 XOR
2 1 69 697 698 AND
2 1 75 698 699 AND
2 1 694 699 700 XOR
1 1 700 701 INV
2 1 701 63 702 AND
2 1 702 6 703 XOR
2 1 703 699 704 AND
2 1 704 351 705 AND
2 1 705 6 706 XOR
2 1 596 706 707 AND
2 1 707 705 708 XOR
2 1 708 6 709 XOR
2 1 709 594 710 AND
2 1 708 710 1674 XOR
2 1 694 6 711 XOR
2 1 711 701 712 AND
2 1 694 712 713 XOR
2 1 69 66 714 AND
2 1 75 714 715 AND
2 1 713 715 716 XOR
1 1 716 717 INV
2 1 717 63 718 AND
2 1 718 7 719 XOR
2 1 719 715 720 AND
2 1 720 351 721 AND
2 1 721 7 722 XOR
2 1 596 722 723 AND
2 1 723 721 724 XOR
2 1 724 7 725 XOR
2 1 725 594 726 AND
2 1 724 726 1675 XOR
2 1 713 7 727 XOR
2 1 727 717 728 AND
2 1 713 728 729 XOR
2 1 77 65 730 AND
2 1 730 66 731 XOR
2 1 69 731 732 AND
2 1 75 732 733 AND
2 1 729 733 734 XOR
1 1 734 735 INV
2 1 735 63 736 AND
2 1 736 8 737 XOR
2 1 737 733 738 AND
2 1 738 351 739 AND
2 1 739 8 740 XOR
2 1 596 740 741 AND
2 1 741 739 742 XOR
2 1 742 8 743 XOR
2 1 743 594 744 AND
2 1 742 744 1676 XOR
2 1 729 8 745 XOR
2 1 745 735 746 AND
2 1 729 746 747 XOR
2 1 64 675 748 AND
2 1 748 65 749 AND
2 1 749 731 750 XOR
2 1 69 750 751 AND
2 1 75 751 752 AND
2 1 747 752 753 XOR
1 1 753 754 INV
2 1 754 63 755 AND
2 1 755 9 756 XOR
2 1 756 752 757 AND
2 1 757 351 758 AND
2 1 758 9 759 XOR
2 1 596 759 760 AND
2 1 760 758 761 XOR
2 1 761 9 762 XOR
2 1 762 594 763 AND
2 1 761 763 1677 XOR
2 1 747 9 764 XOR
2 1 764 754 765 AND
2 1 747 765 766 XOR
2 1 621 64 767 AND
2 1 767 65 768 AND
2 1 768 750 769 XOR
2 1 69 769 770 AND
2 1 75 770 771 AND
2 1 766 771 772 XOR
1 1 772 773 INV
2 1 773 63 774 AND
2 1 774 10 775 XOR
2 1 775 771 776 AND
2 1 776 351 777 AND
2 1 777 10 778 XOR
2 1 596 778 779 AND
2 1 779 777 780 XOR
2 1 780 10 781 XOR
2 1 781 594 782 AND
2 1 780 782 1678 XOR
2 1 766 10 783 XOR
2 1 783 773 784 AND
2 1 766 784 785 XOR
2 1 620 674 786 AND
2 1 64 786 787 AND
2 1 787 65 788 AND
2 1 788 769 789 XOR
2 1 69 789 790 AND
2 1 75 790 791 AND
2 1 785 791 792 XOR
1 1 792 793 INV
2 1 793 63 794 AND
2 1 794 11 795 XOR
2 1 795 791 796 AND
2 1 796 351 797 AND
2 1 797 11 798 XOR
2 1 596 798 799 AND
2 1 799 797 800 XOR
2 1 800 11 801 XOR
2 1 801 594 802 AND
2 1 800 802 1679 XOR
2 1 785 11 803 XOR
2 1 803 793 804 AND
2 1 785 804 805 XOR
2 1 76 54 806 AND
2 1 806 65 807 AND
2 1 807 789 808 XOR
2 1 69 808 809 AND
2 1 75 809 810 AND
2 1 805 810 811 XOR
1 1 811 812 INV
2 1 812 63 813 AND
2 1 813 12 814 XOR
2 1 814 810 815 AND
2 1 815 351 816 AND
2 1 816 12 817 XOR
2 1 596 817 818 AND
2 1 818 816 819 XOR
2 1 819 12 820 XOR
2 1 820 594 821 AND
2 1 819 821 1680 XOR
2 1 805 12 822 XOR
2 1 822 812 823 AND
2 1 805 823 824 XOR
2 1 676 65 825 AND
2 1 825 808 826 XOR
2 1 69 826 827 AND
2 1 75 827 828 AND
2 1 824 828 829 XOR
1 1 829 830 INV
2 1 830 63 831 AND
2 1 831 13 832 XOR
2 1 832 828 833 AND
2 1 833 351 834 AND
2 1 834 13 835 XOR
2 1 596 835 836 AND
2 1 836 834 837 XOR
2 1 837 13 838 XOR
2 1 838 594 839 AND
2 1 837 839 1681 XOR
2 1 824 13 840 XOR
2 1 840 830 841 AND
2 1 824 841 842 XOR
2 1 695 65 843 AND
2 1 843 826 844 XOR
2 1 69 844 845 AND
2 1 75 845 846 AND
2 1 842 846 847 XOR
1 1 847 848 INV
2 1 848 63 849 AND
2 1 849 14 850 XOR
2 1 850 846 851 AND
2 1 851 351 852 AND
2 1 852 14 853 XOR
2 1 596 853 854 AND
2 1 854 852 855 XOR
2 1 855 14 856 XOR
2 1 856 594 857 AND
2 1 855 857 1682 XOR
2 1 842 14 858 XOR
2 1 858 848 859 AND
2 1 842 859 860 XOR
2 1 75 69 861 AND
2 1 860 861 862 XOR
1 1 862 863 INV
2 1 863 63 864 AND
2 1 864 15 865 XOR
2 1 865 861 866 AND
2 1 866 351 867 AND
2 1 867 15 868 XOR
2 1 596 868 869 AND
2 1 869 867 870 XOR
2 1 870 15 871 XOR
2 1 871 594 872 AND
2 1 870 872 1683 XOR
2 1 860 15 873 XOR
2 1 873 863 874 AND
2 1 860 874 875 XOR
2 1 78 68 876 AND
2 1 876 69 877 XOR
2 1 75 877 878 AND
2 1 875 878 879 XOR
1 1 879 880 INV
2 1 880 63 881 AND
2 1 881 16 882 XOR
2 1 882 878 883 AND
2 1 883 351 884 AND
2 1 884 16 885 XOR
2 1 596 885 886 AND
2 1 886 884 887 XOR
2 1 887 16 888 XOR
2 1 888 594 889 AND
2 1 887 889 1684 XOR
2 1 875 16 890 XOR
2 1 890 880 891 AND
2 1 875 891 892 XOR
2 1 66 748 893 AND
2 1 893 68 894 AND
2 1 894 877 895 XOR
2 1 75 895 896 AND
2 1 892 896 897 XOR
1 1 897 898 INV
2 1 898 63 899 AND
2 1 899 17 900 XOR
2 1 900 896 901 AND
2 1 901 351 902 AND
2 1 902 17 903 XOR
2 1 596 903 904 AND
2 1 904 902 905 XOR
2 1 905 17 906 XOR
2 1 906 594 907 AND
2 1 905 907 1685 XOR
2 1 892 17 908 XOR
2 1 908 898 909 AND
2 1 892 909 910 XOR
2 1 66 767 911 AND
2 1 68 911 912 AND
2 1 912 895 913 XOR
2 1 75 913 914 AND
2 1 910 914 915 XOR
1 1 915 916 INV
2 1 916 63 917 AND
2 1 917 18 918 XOR
2 1 918 914 919 AND
2 1 919 351 920 AND
2 1 920 18 921 XOR
2 1 596 921 922 AND
2 1 922 920 923 XOR
2 1 923 18 924 XOR
2 1 924 594 925 AND
2 1 923 925 1686 XOR
2 1 910 18 926 XOR
2 1 926 916 927 AND
2 1 910 927 928 XOR
2 1 73 75 929 AND
2 1 928 929 930 XOR
1 1 930 931 INV
2 1 931 63 932 AND
2 1 932 19 933 XOR
2 1 933 929 934 AND
2 1 934 351 935 AND
2 1 935 19 936 XOR
2 1 596 936 937 AND
2 1 937 935 938 XOR
2 1 938 19 939 XOR
2 1 939 594 940 AND
2 1 938 940 1687 XOR
2 1 928 19 941 XOR
2 1 941 931 942 AND
2 1 928 942 943 XOR
2 1 68 337 944 AND
2 1 73 944 945 XOR
2 1 75 945 946 AND
2 1 943 946 947 XOR
1 1 947 948 INV
2 1 948 63 949 AND
2 1 949 20 950 XOR
2 1 950 946 951 AND
2 1 951 351 952 AND
2 1 952 20 953 XOR
2 1 596 953 954 AND
2 1 954 952 955 XOR
2 1 955 20 956 XOR
2 1 956 594 957 AND
2 1 955 957 1688 XOR
2 1 943 20 958 XOR
2 1 958 948 959 AND
2 1 943 959 960 XOR
2 1 68 677 961 AND
2 1 961 945 962 XOR
2 1 75 962 963 AND
2 1 960 963 964 XOR
1 1 964 965 INV
2 1 965 63 966 AND
2 1 966 21 967 XOR
2 1 967 963 968 AND
2 1 968 351 969 AND
2 1 969 21 970 XOR
2 1 596 970 971 AND
2 1 971 969 972 XOR
2 1 972 21 973 XOR
2 1 973 594 974 AND
2 1 972 974 1689 XOR
2 1 960 21 975 XOR
2 1 975 965 976 AND
2 1 960 976 977 XOR
2 1 68 696 978 AND
2 1 978 962 979 XOR
2 1 75 979 980 AND
2 1 977 980 981 XOR
1 1 981 982 INV
2 1 982 63 983 AND
2 1 983 22 984 XOR
2 1 984 980 985 AND
2 1 985 351 986 AND
2 1 986 22 987 XOR
2 1 596 987 988 AND
2 1 988 986 989 XOR
2 1 989 22 990 XOR
2 1 990 594 991 AND
2 1 989 991 1690 XOR
2 1 977 22 992 XOR
2 1 992 982 993 AND
2 1 977 993 994 XOR
2 1 786 54 995 AND
2 1 995 66 996 AND
2 1 68 996 997 AND
2 1 997 979 998 XOR
2 1 75 998 999 AND
2 1 994 999 1000 XOR
1 1 1000 1001 INV
2 1 1001 63 1002 AND
2 1 1002 23 1003 XOR
2 1 1003 999 1004 AND
2 1 1004 351 1005 AND
2 1 1005 23 1006 XOR
2 1 596 1006 1007 AND
2 1 1007 1005 1008 XOR
2 1 1008 23 1009 XOR
2 1 1009 594 1010 AND
2 1 1008 1010 1691 XOR
2 1 994 23 1011 XOR
2 1 1011 1001 1012 AND
2 1 994 1012 1013 XOR
2 1 730 68 1014 AND
2 1 1014 998 1015 XOR
2 1 75 1015 1016 AND
2 1 1013 1016 1017 XOR
1 1 1017 1018 INV
2 1 1018 63 1019 AND
2 1 1019 24 1020 XOR
2 1 1020 1016 1021 AND
2 1 1021 351 1022 AND
2 1 1022 24 1023 XOR
2 1 596 1023 1024 AND
2 1 1024 1022 1025 XOR
2 1 1025 24 1026 XOR
2 1 1026 594 1027 AND
2 1 1025 1027 1692 XOR
2 1 1013 24 1028 XOR
2 1 1028 1018 1029 AND
2 1 1013 1029 1030 XOR
2 1 749 68 1031 AND
2 1 1031 1015 1032 XOR
2 1 75 1032 1033 AND
2 1 1030 1033 1034 XOR
1 1 1034 1035 INV
2 1 1035 63 1036 AND
2 1 1036 25 1037 XOR
2 1 1037 1033 1038 AND
2 1 1038 351 1039 AND
2 1 1039 25 1040 XOR
2 1 596 1040 1041 AND
2 1 1041 1039 1042 XOR
2 1 1042 25 1043 XOR
2 1 1043 594 1044 AND
2 1 1042 1044 1693 XOR
2 1 1030 25 1045 XOR
2 1 1045 1035 1046 AND
2 1 1030 1046 1047 XOR
2 1 768 68 1048 AND
2 1 1048 1032 1049 XOR
2 1 75 1049 1050 AND
2 1 1047 1050 1051 XOR
1 1 1051 1052 INV
2 1 1052 63 1053 AND
2 1 1053 26 1054 XOR
2 1 1054 1050 1055 AND
2 1 1055 351 1056 AND
2 1 1056 26 1057 XOR
2 1 596 1057 1058 AND
2 1 1058 1056 1059 XOR
2 1 1059 26 1060 XOR
2 1 1060 594 1061 AND
2 1 1059 1061 1694 XOR
2 1 1047 26 1062 XOR
2 1 1062 1052 1063 AND
2 1 1047 1063 1064 XOR
2 1 788 68 1065 AND
2 1 1065 1049 1066 XOR
2 1 75 1066 1067 AND
2 1 1064 1067 1068 XOR
1 1 1068 1069 INV
2 1 1069 63 1070 AND
2 1 1070 27 1071 XOR
2 1 1071 1067 1072 AND
2 1 1072 351 1073 AND
2 1 1073 27 1074 XOR
2 1 596 1074 1075 AND
2 1 1075 1073 1076 XOR
2 1 1076 27 1077 XOR
2 1 1077 594 1078 AND
2 1 1076 1078 1695 XOR
2 1 1064 27 1079 XOR
2 1 1079 1069 1080 AND
2 1 1064 1080 1081 XOR
2 1 807 68 1082 AND
2 1 1082 1066 1083 XOR
2 1 75 1083 1084 AND
2 1 1081 1084 1085 XOR
1 1 1085 1086 INV
2 1 1086 63 1087 AND
2 1 1087 28 1088 XOR
2 1 1088 1084 1089 AND
2 1 1089 351 1090 AND
2 1 1090 28 1091 XOR
2 1 596 1091 1092 AND
2 1 1092 1090 1093 XOR
2 1 1093 28 1094 XOR
2 1 1094 594 1095 AND
2 1 1093 1095 1696 XOR
2 1 1081 28 1096 XOR
2 1 1096 1086 1097 AND
2 1 1081 1097 1098 XOR
2 1 825 68 1099 AND
2 1 1099 1083 1100 XOR
2 1 75 1100 1101 AND
2 1 1098 1101 1102 XOR
1 1 1102 1103 INV
2 1 1103 63 1104 AND
2 1 1104 29 1105 XOR
2 1 1105 1101 1106 AND
2 1 1106 351 1107 AND
2 1 1107 29 1108 XOR
2 1 596 1108 1109 AND
2 1 1109 1107 1110 XOR
2 1 1110 29 1111 XOR
2 1 1111 594 1112 AND
2 1 1110 1112 1697 XOR
2 1 1098 29 1113 XOR
2 1 1113 1103 1114 AND
2 1 1098 1114 1115 XOR
2 1 843 68 1116 AND
2 1 1116 1100 1117 XOR
2 1 75 1117 1118 AND
2 1 1115 1118 1119 XOR
1 1 1119 1120 INV
2 1 1120 63 1121 AND
2 1 1121 30 1122 XOR
2 1 1122 1118 1123 AND
2 1 1123 351 1124 AND
2 1 1124 30 1125 XOR
2 1 596 1125 1126 AND
2 1 1126 1124 1127 XOR
2 1 1127 30 1128 XOR
2 1 1128 594 1129 AND
2 1 1127 1129 1698 XOR
2 1 1115 30 1130 XOR
2 1 1130 1120 1131 AND
2 1 1115 1131 1132 XOR
2 1 1132 74 1133 XOR
2 1 1133 63 1134 AND
2 1 1134 31 1135 XOR
2 1 1135 75 1136 AND
2 1 1136 351 1137 AND
2 1 1137 31 1138 XOR
2 1 596 1138 1139 AND
2 1 1139 1137 1140 XOR
2 1 1140 31 1141 XOR
2 1 1141 594 1142 AND
2 1 1140 1142 1699 XOR
2 1 1132 31 1143 XOR
2 1 1143 1133 1144 AND
2 1 1132 1144 1145 XOR
1 1 79 1146 INV
2 1 74 1146 1147 AND
2 1 1145 1147 1148 XOR
2 1 1148 63 1149 AND
2 1 1149 32 1150 XOR
1 1 1147 1151 INV
2 1 1150 1151 1152 AND
2 1 1152 351 1153 AND
2 1 1153 32 1154 XOR
2 1 596 1154 1155 AND
2 1 1155 1153 1156 XOR
2 1 1156 32 1157 XOR
2 1 1157 594 1158 AND
2 1 1156 1158 1700 XOR
2 1 69 893 1159 AND
2 1 74 1159 1160 AND
2 1 1160 1151 1161 XOR
2 1 1145 32 1162 XOR
2 1 1162 1148 1163 AND
2 1 1145 1163 1164 XOR
2 1 1161 1164 1165 XOR
1 1 1165 1166 INV
2 1 1166 63 1167 AND
2 1 1167 33 1168 XOR
2 1 1161 1168 1169 AND
2 1 1169 351 1170 AND
2 1 1170 33 1171 XOR
2 1 596 1171 1172 AND
2 1 1172 1170 1173 XOR
2 1 1173 33 1174 XOR
2 1 1174 594 1175 AND
2 1 1173 1175 1701 XOR
2 1 69 911 1176 AND
2 1 74 1176 1177 AND
2 1 1177 1161 1178 XOR
2 1 1164 33 1179 XOR
2 1 1179 1166 1180 AND
2 1 1164 1180 1181 XOR
2 1 1178 1181 1182 XOR
1 1 1182 1183 INV
2 1 1183 63 1184 AND
2 1 1184 34 1185 XOR
2 1 1178 1185 1186 AND
2 1 1186 351 1187 AND
2 1 1187 34 1188 XOR
2 1 596 1188 1189 AND
2 1 1189 1187 1190 XOR
2 1 1190 34 1191 XOR
2 1 1191 594 1192 AND
2 1 1190 1192 1702 XOR
2 1 66 787 1193 AND
2 1 69 1193 1194 AND
2 1 74 1194 1195 AND
2 1 1178 1195 1196 XOR
2 1 1181 34 1197 XOR
2 1 1197 1183 1198 AND
2 1 1181 1198 1199 XOR
2 1 1196 1199 1200 XOR
1 1 1200 1201 INV
2 1 1201 63 1202 AND
2 1 1202 35 1203 XOR
2 1 1196 1203 1204 AND
2 1 1204 351 1205 AND
2 1 1205 35 1206 XOR
2 1 596 1206 1207 AND
2 1 1207 1205 1208 XOR
2 1 1208 35 1209 XOR
2 1 1209 594 1210 AND
2 1 1208 1210 1703 XOR
2 1 69 337 1211 AND
2 1 74 1211 1212 AND
2 1 1196 1212 1213 XOR
2 1 1199 35 1214 XOR
2 1 1214 1201 1215 AND
2 1 1199 1215 1216 XOR
2 1 1213 1216 1217 XOR
1 1 1217 1218 INV
2 1 1218 63 1219 AND
2 1 1219 36 1220 XOR
2 1 1213 1220 1221 AND
2 1 1221 351 1222 AND
2 1 1222 36 1223 XOR
2 1 596 1223 1224 AND
2 1 1224 1222 1225 XOR
2 1 1225 36 1226 XOR
2 1 1226 594 1227 AND
2 1 1225 1227 1704 XOR
2 1 69 677 1228 AND
2 1 74 1228 1229 AND
2 1 1213 1229 1230 XOR
2 1 1216 36 1231 XOR
2 1 1231 1218 1232 AND
2 1 1216 1232 1233 XOR
2 1 1230 1233 1234 XOR
1 1 1234 1235 INV
2 1 1235 63 1236 AND
2 1 1236 37 1237 XOR
2 1 1230 1237 1238 AND
2 1 1238 351 1239 AND
2 1 1239 37 1240 XOR
2 1 596 1240 1241 AND
2 1 1241 1239 1242 XOR
2 1 1242 37 1243 XOR
2 1 1243 594 1244 AND
2 1 1242 1244 1705 XOR
2 1 69 696 1245 AND
2 1 74 1245 1246 AND
2 1 1246 1230 1247 XOR
2 1 1233 37 1248 XOR
2 1 1248 1235 1249 AND
2 1 1233 1249 1250 XOR
2 1 1247 1250 1251 XOR
1 1 1251 1252 INV
2 1 1252 63 1253 AND
2 1 1253 38 1254 XOR
2 1 1247 1254 1255 AND
2 1 1255 351 1256 AND
2 1 1256 38 1257 XOR
2 1 596 1257 1258 AND
2 1 1258 1256 1259 XOR
2 1 1259 38 1260 XOR
2 1 1260 594 1261 AND
2 1 1259 1261 1706 XOR
2 1 69 996 1262 AND
2 1 74 1262 1263 AND
2 1 1247 1263 1264 XOR
2 1 1250 38 1265 XOR
2 1 1265 1252 1266 AND
2 1 1250 1266 1267 XOR
2 1 1264 1267 1268 XOR
1 1 1268 1269 INV
2 1 1269 63 1270 AND
2 1 1270 39 1271 XOR
2 1 1264 1271 1272 AND
2 1 1272 351 1273 AND
2 1 1273 39 1274 XOR
2 1 596 1274 1275 AND
2 1 1275 1273 1276 XOR
2 1 1276 39 1277 XOR
2 1 1277 594 1278 AND
2 1 1276 1278 1707 XOR
2 1 730 69 1279 AND
2 1 74 1279 1280 AND
2 1 1280 1264 1281 XOR
2 1 1267 39 1282 XOR
2 1 1282 1269 1283 AND
2 1 1267 1283 1284 XOR
2 1 1281 1284 1285 XOR
1 1 1285 1286 INV
2 1 1286 63 1287 AND
2 1 1287 40 1288 XOR
2 1 1281 1288 1289 AND
2 1 1289 351 1290 AND
2 1 1290 40 1291 XOR
2 1 596 1291 1292 AND
2 1 1292 1290 1293 XOR
2 1 1293 40 1294 XOR
2 1 1294 594 1295 AND
2 1 1293 1295 1708 XOR
2 1 749 69 1296 AND
2 1 74 1296 1297 AND
2 1 1297 1281 1298 XOR
2 1 1284 40 1299 XOR
2 1 1299 1286 1300 AND
2 1 1284 1300 1301 XOR
2 1 1298 1301 1302 XOR
1 1 1302 1303 INV
2 1 1303 63 1304 AND
2 1 1304 41 1305 XOR
2 1 1298 1305 1306 AND
2 1 1306 351 1307 AND
2 1 1307 41 1308 XOR
2 1 596 1308 1309 AND
2 1 1309 1307 1310 XOR
2 1 1310 41 1311 XOR
2 1 1311 594 1312 AND
2 1 1310 1312 1709 XOR
2 1 768 69 1313 AND
2 1 74 1313 1314 AND
2 1 1298 1314 1315 XOR
2 1 1301 41 1316 XOR
2 1 1316 1303 1317 AND
2 1 1301 1317 1318 XOR
2 1 1315 1318 1319 XOR
1 1 1319 1320 INV
2 1 1320 63 1321 AND
2 1 1321 42 1322 XOR
2 1 1315 1322 1323 AND
2 1 1323 351 1324 AND
2 1 1324 42 1325 XOR
2 1 596 1325 1326 AND
2 1 1326 1324 1327 XOR
2 1 1327 42 1328 XOR
2 1 1328 594 1329 AND
2 1 1327 1329 1710 XOR
2 1 788 69 1330 AND
2 1 74 1330 1331 AND
2 1 1331 1315 1332 XOR
2 1 1318 42 1333 XOR
2 1 1333 1320 1334 AND
2 1 1318 1334 1335 XOR
2 1 1332 1335 1336 XOR
1 1 1336 1337 INV
2 1 1337 63 1338 AND
2 1 1338 43 1339 XOR
2 1 1332 1339 1340 AND
2 1 1340 351 1341 AND
2 1 1341 43 1342 XOR
2 1 596 1342 1343 AND
2 1 1343 1341 1344 XOR
2 1 1344 43 1345 XOR
2 1 1345 594 1346 AND
2 1 1344 1346 1711 XOR
2 1 807 69 1347 AND
2 1 74 1347 1348 AND
2 1 1348 1332 1349 XOR
2 1 1335 43 1350 XOR
2 1 1350 1337 1351 AND
2 1 1335 1351 1352 XOR
2 1 1349 1352 1353 XOR
1 1 1353 1354 INV
2 1 1354 63 1355 AND
2 1 1355 44 1356 XOR
2 1 1349 1356 1357 AND
2 1 1357 351 1358 AND
2 1 1358 44 1359 XOR
2 1 596 1359 1360 AND
2 1 1360 1358 1361 XOR
2 1 1361 44 1362 XOR
2 1 1362 594 1363 AND
2 1 1361 1363 1712 XOR
2 1 825 69 1364 AND
2 1 74 1364 1365 AND
2 1 1349 1365 1366 XOR
2 1 1352 44 1367 XOR
2 1 1367 1354 1368 AND
2 1 1352 1368 1369 XOR
2 1 1366 1369 1370 XOR
1 1 1370 1371 INV
2 1 1371 63 1372 AND
2 1 1372 45 1373 XOR
2 1 1366 1373 1374 AND
2 1 1374 351 1375 AND
2 1 1375 45 1376 XOR
2 1 596 1376 1377 AND
2 1 1377 1375 1378 XOR
2 1 1378 45 1379 XOR
2 1 1379 594 1380 AND
2 1 1378 1380 1713 XOR
2 1 843 69 1381 AND
2 1 74 1381 1382 AND
2 1 1366 1382 1383 XOR
2 1 1369 45 1384 XOR
2 1 1384 1371 1385 AND
2 1 1369 1385 1386 XOR
2 1 1383 1386 1387 XOR
1 1 1387 1388 INV
2 1 1388 63 1389 AND
2 1 1389 46 1390 XOR
2 1 1383 1390 1391 AND
2 1 1391 351 1392 AND
2 1 1392 46 1393 XOR
2 1 596 1393 1394 AND
2 1 1394 1392 1395 XOR
2 1 1395 46 1396 XOR
2 1 1396 594 1397 AND
2 1 1395 1397 1714 XOR
2 1 995 65 1398 AND
2 1 1398 69 1399 AND
2 1 74 1399 1400 AND
2 1 1383 1400 1401 XOR
2 1 1386 46 1402 XOR
2 1 1402 1388 1403 AND
2 1 1386 1403 1404 XOR
2 1 1401 1404 1405 XOR
1 1 1405 1406 INV
2 1 1406 63 1407 AND
2 1 1407 47 1408 XOR
2 1 1401 1408 1409 AND
2 1 1409 351 1410 AND
2 1 1410 47 1411 XOR
2 1 596 1411 1412 AND
2 1 1412 1410 1413 XOR
2 1 1413 47 1414 XOR
2 1 1414 594 1415 AND
2 1 1413 1415 1715 XOR
2 1 876 74 1416 AND
2 1 1401 1416 1417 XOR
2 1 1404 47 1418 XOR
2 1 1418 1406 1419 AND
2 1 1404 1419 1420 XOR
2 1 1417 1420 1421 XOR
1 1 1421 1422 INV
2 1 1422 63 1423 AND
2 1 1423 48 1424 XOR
2 1 1417 1424 1425 AND
2 1 1425 351 1426 AND
2 1 1426 48 1427 XOR
2 1 596 1427 1428 AND
2 1 1428 1426 1429 XOR
2 1 1429 48 1430 XOR
2 1 1430 594 1431 AND
2 1 1429 1431 1716 XOR
2 1 894 74 1432 AND
2 1 1417 1432 1433 XOR
2 1 1420 48 1434 XOR
2 1 1434 1422 1435 AND
2 1 1420 1435 1436 XOR
2 1 1433 1436 1437 XOR
1 1 1437 1438 INV
2 1 1438 63 1439 AND
2 1 1439 49 1440 XOR
2 1 1433 1440 1441 AND
2 1 1441 351 1442 AND
2 1 1442 49 1443 XOR
2 1 596 1443 1444 AND
2 1 1444 1442 1445 XOR
2 1 1445 49 1446 XOR
2 1 1446 594 1447 AND
2 1 1445 1447 1717 XOR
2 1 912 74 1448 AND
2 1 1448 1433 1449 XOR
2 1 1436 49 1450 XOR
2 1 1450 1438 1451 AND
2 1 1436 1451 1452 XOR
2 1 1449 1452 1453 XOR
1 1 1453 1454 INV
2 1 1454 63 1455 AND
2 1 1455 50 1456 XOR
2 1 1449 1456 1457 AND
2 1 1457 351 1458 AND
2 1 1458 50 1459 XOR
2 1 596 1459 1460 AND
2 1 1460 1458 1461 XOR
2 1 1461 50 1462 XOR
2 1 1462 594 1463 AND
2 1 1461 1463 1718 XOR
2 1 68 1193 1464 AND
2 1 1464 74 1465 AND
2 1 1465 1449 1466 XOR
2 1 1452 50 1467 XOR
2 1 1467 1454 1468 AND
2 1 1452 1468 1469 XOR
2 1 1466 1469 1470 XOR
1 1 1470 1471 INV
2 1 1471 63 1472 AND
2 1 1472 51 1473 XOR
2 1 1466 1473 1474 AND
2 1 1474 351 1475 AND
2 1 1475 51 1476 XOR
2 1 596 1476 1477 AND
2 1 1477 1475 1478 XOR
2 1 1478 594 1719 XOR
2 1 944 74 1479 AND
2 1 1466 1479 1480 XOR
2 1 1469 51 1481 XOR
2 1 1481 1471 1482 AND
2 1 1469 1482 1483 XOR
2 1 1480 1483 1484 XOR
1 1 1484 1485 INV
2 1 1485 63 1486 AND
2 1 1486 52 1487 XOR
2 1 1480 1487 1488 AND
2 1 1488 63 1489 XOR
2 1 350 1489 1490 AND
2 1 1488 1490 1491 XOR
2 1 1491 52 1492 XOR
2 1 596 1492 1493 AND
2 1 1491 1493 1494 XOR
2 1 1494 52 1495 XOR
2 1 1495 594 1496 AND
2 1 1494 1496 1720 XOR
2 1 961 74 1497 AND
2 1 1497 1480 1498 XOR
2 1 1483 52 1499 XOR
2 1 1499 1485 1500 AND
2 1 1483 1500 1501 XOR
2 1 1498 1501 1502 XOR
1 1 1502 1503 INV
2 1 1503 63 1504 AND
2 1 1504 53 1505 XOR
2 1 1498 1505 1506 AND
2 1 1506 63 1507 XOR
2 1 350 1507 1508 AND
2 1 1506 1508 1509 XOR
2 1 1509 53 1510 XOR
2 1 596 1510 1511 AND
2 1 1509 1511 1512 XOR
2 1 1496 1512 1721 XOR
2 1 978 74 1513 AND
2 1 1513 1498 1514 XOR
2 1 1501 53 1515 XOR
2 1 1515 1503 1516 AND
2 1 1501 1516 1517 XOR
2 1 1514 1517 1518 XOR
1 1 1518 1519 INV
2 1 1519 63 1520 AND
2 1 1520 54 1521 XOR
2 1 1514 1521 1522 AND
2 1 1522 63 1523 XOR
2 1 350 1523 1524 AND
2 1 1522 1524 1525 XOR
2 1 1525 54 1526 XOR
2 1 596 1526 1527 AND
2 1 1525 1527 1528 XOR
2 1 1496 1528 1722 XOR
2 1 997 74 1529 AND
2 1 1529 1514 1530 XOR
2 1 1517 54 1531 XOR
2 1 1531 1519 1532 AND
2 1 1517 1532 1533 XOR
2 1 1530 1533 1534 XOR
1 1 1534 1535 INV
2 1 1535 63 1536 AND
2 1 1536 55 1537 XOR
2 1 1530 1537 1538 AND
2 1 1538 63 1539 XOR
2 1 350 1539 1540 AND
2 1 1538 1540 1541 XOR
2 1 1541 55 1542 XOR
2 1 596 1542 1543 AND
2 1 1541 1543 1544 XOR
2 1 1496 1544 1723 XOR
2 1 1014 74 1545 AND
2 1 1545 1530 1546 XOR
2 1 1533 55 1547 XOR
2 1 1547 1535 1548 AND
2 1 1533 1548 1549 XOR
2 1 1546 1549 1550 XOR
1 1 1550 1551 INV
2 1 1551 63 1552 AND
2 1 1552 56 1553 XOR
2 1 1546 1553 1554 AND
2 1 1554 63 1555 XOR
2 1 350 1555 1556 AND
2 1 1554 1556 1557 XOR
2 1 1557 56 1558 XOR
2 1 596 1558 1559 AND
2 1 1557 1559 1560 XOR
2 1 1496 1560 1724 XOR
2 1 1031 74 1561 AND
2 1 1561 1546 1562 XOR
2 1 1549 56 1563 XOR
2 1 1563 1551 1564 AND
2 1 1549 1564 1565 XOR
2 1 1562 1565 1566 XOR
1 1 1566 1567 INV
2 1 1567 63 1568 AND
2 1 1568 57 1569 XOR
2 1 1562 1569 1570 AND
2 1 1570 63 1571 XOR
2 1 350 1571 1572 AND
2 1 1570 1572 1573 XOR
2 1 1573 57 1574 XOR
2 1 596 1574 1575 AND
2 1 1573 1575 1576 XOR
2 1 1496 1576 1725 XOR
2 1 1048 74 1577 AND
2 1 1577 1562 1578 XOR
2 1 1565 57 1579 XOR
2 1 1579 1567 1580 AND
2 1 1565 1580 1581 XOR
2 1 1578 1581 1582 XOR
1 1 1582 1583 INV
2 1 1583 63 1584 AND
2 1 1584 58 1585 XOR
2 1 1578 1585 1586 AND
2 1 1586 63 1587 XOR
2 1 350 1587 1588 AND
2 1 1586 1588 1589 XOR
2 1 1589 58 1590 XOR
2 1 596 1590 1591 AND
2 1 1589 1591 1592 XOR
2 1 1496 1592 1726 XOR
2 1 1065 74 1593 AND
2 1 1578 1593 1594 XOR
2 1 1581 58 1595 XOR
2 1 1595 1583 1596 AND
2 1 1581 1596 1597 XOR
2 1 1594 1597 1598 XOR
1 1 1598 1599 INV
2 1 1599 63 1600 AND
2 1 1600 59 1601 XOR
2 1 1594 1601 1602 AND
2 1 1602 63 1603 XOR
2 1 350 1603 1604 AND
2 1 1602 1604 1605 XOR
2 1 1605 59 1606 XOR
2 1 596 1606 1607 AND
2 1 1605 1607 1608 XOR
2 1 1496 1608 1727 XOR
2 1 1082 74 1609 AND
2 1 1609 1594 1610 XOR
2 1 1597 59 1611 XOR
2 1 1611 1599 1612 AND
2 1 1597 1612 1613 XOR
2 1 1610 1613 1614 XOR
1 1 1614 1615 INV
2 1 1615 63 1616 AND
2 1 1616 60 1617 XOR
2 1 1610 1617 1618 AND
2 1 1618 63 1619 XOR
2 1 350 1619 1620 AND
2 1 1618 1620 1621 XOR
2 1 1621 60 1622 XOR
2 1 596 1622 1623 AND
2 1 1621 1623 1624 XOR
2 1 1496 1624 1728 XOR
2 1 1099 74 1625 AND
2 1 1625 1610 1626 XOR
2 1 1613 60 1627 XOR
2 1 1627 1615 1628 AND
2 1 1613 1628 1629 XOR
2 1 1626 1629 1630 XOR
1 1 1630 1631 INV
2 1 1631 63 1632 AND
2 1 1632 61 1633 XOR
2 1 1626 1633 1634 AND
2 1 1634 63 1635 XOR
2 1 350 1635 1636 AND
2 1 1634 1636 1637 XOR
2 1 1637 61 1638 XOR
2 1 596 1638 1639 AND
2 1 1637 1639 1640 XOR
2 1 1496 1640 1729 XOR
2 1 1116 74 1641 AND
2 1 1626 1641 1642 XOR
2 1 1629 61 1643 XOR
2 1 1643 1631 1644 AND
2 1 1629 1644 1645 XOR
2 1 1398 68 1646 AND
2 1 1646 74 1647 AND
2 1 1645 1647 1648 XOR
2 1 1648 63 1649 AND
2 1 1649 62 1650 XOR
2 1 1642 1650 1651 AND
2 1 1651 351 1652 AND
2 1 1652 62 1653 XOR
2 1 596 1653 1654 AND
2 1 1654 1652 1655 XOR
2 1 1496 1655 1730 XOR
2 1 1645 62 1656 XOR
2 1 1656 1648 1657 AND
2 1 1645 1657 1658 XOR
2 1 1658 63 1659 AND
2 1 350 1659 1660 AND
2 1 1642 1647 1661 XOR
2 1 1661 1658 1662 XOR
2 1 1662 63 1663 AND
2 1 1660 1663 1664 XOR
2 1 1664 63 1665 XOR
2 1 596 1665 1666 AND
2 1 1664 1666 1667 XOR
2 1 1496 1667 1731 XOR
