1641 1769
2 64 64
1 64

2 1 62 126 128 XOR
1 1 128 129 INV
2 1 63 127 130 XOR
1 1 130 131 INV
2 1 129 131 132 AND
1 1 132 133 INV
1 1 133 134 INV
2 1 61 125 135 XOR
1 1 135 136 INV
2 1 60 124 137 XOR
1 1 137 138 INV
2 1 136 138 139 AND
1 1 139 140 INV
1 1 140 141 INV
2 1 134 141 142 AND
1 1 142 143 INV
1 1 143 144 INV
2 1 59 123 145 XOR
1 1 145 146 INV
2 1 58 122 147 XOR
1 1 147 148 INV
2 1 146 148 149 AND
1 1 149 150 INV
1 1 150 151 INV
2 1 57 121 152 XOR
1 1 152 153 INV
2 1 56 120 154 XOR
1 1 154 155 INV
2 1 153 155 156 AND
1 1 156 157 INV
1 1 157 158 INV
2 1 151 158 159 AND
1 1 159 160 INV
1 1 160 161 INV
2 1 144 161 162 AND
1 1 162 163 INV
1 1 163 164 INV
2 1 55 119 165 XOR
1 1 165 166 INV
2 1 54 118 167 XOR
1 1 167 168 INV
2 1 166 168 169 AND
1 1 169 170 INV
1 1 170 171 INV
2 1 53 117 172 XOR
1 1 172 173 INV
2 1 52 116 174 XOR
1 1 174 175 INV
2 1 173 175 176 AND
1 1 176 177 INV
1 1 177 178 INV
2 1 171 178 179 AND
1 1 179 180 INV
1 1 180 181 INV
2 1 51 115 182 XOR
1 1 182 183 INV
2 1 50 114 184 XOR
1 1 184 185 INV
2 1 183 185 186 AND
1 1 186 187 INV
1 1 187 188 INV
2 1 49 113 189 XOR
1 1 189 190 INV
2 1 48 112 191 XOR
1 1 191 192 INV
2 1 190 192 193 AND
1 1 193 194 INV
1 1 194 195 INV
2 1 188 195 196 AND
1 1 196 197 INV
1 1 197 198 INV
2 1 181 198 199 AND
1 1 199 200 INV
1 1 200 201 INV
2 1 164 201 202 AND
1 1 202 203 INV
1 1 203 204 INV
2 1 47 111 205 XOR
1 1 205 206 INV
2 1 46 110 207 XOR
1 1 207 208 INV
2 1 206 208 209 AND
1 1 209 210 INV
1 1 210 211 INV
2 1 45 109 212 XOR
1 1 212 213 INV
2 1 44 108 214 XOR
1 1 214 215 INV
2 1 213 215 216 AND
1 1 216 217 INV
1 1 217 218 INV
2 1 211 218 219 AND
1 1 219 220 INV
1 1 220 221 INV
2 1 43 107 222 XOR
1 1 222 223 INV
2 1 42 106 224 XOR
1 1 224 225 INV
2 1 223 225 226 AND
1 1 226 227 INV
1 1 227 228 INV
2 1 41 105 229 XOR
1 1 229 230 INV
2 1 40 104 231 XOR
1 1 231 232 INV
2 1 230 232 233 AND
1 1 233 234 INV
1 1 234 235 INV
2 1 228 235 236 AND
1 1 236 237 INV
1 1 237 238 INV
2 1 221 238 239 AND
1 1 239 240 INV
1 1 240 241 INV
2 1 39 103 242 XOR
1 1 242 243 INV
2 1 38 102 244 XOR
1 1 244 245 INV
2 1 243 245 246 AND
1 1 246 247 INV
1 1 247 248 INV
2 1 37 101 249 XOR
1 1 249 250 INV
2 1 36 100 251 XOR
1 1 251 252 INV
2 1 250 252 253 AND
1 1 253 254 INV
1 1 254 255 INV
2 1 248 255 256 AND
1 1 256 257 INV
1 1 257 258 INV
2 1 35 99 259 XOR
1 1 259 260 INV
2 1 34 98 261 XOR
1 1 261 262 INV
2 1 260 262 263 AND
1 1 263 264 INV
1 1 264 265 INV
2 1 33 97 266 XOR
1 1 266 267 INV
2 1 32 96 268 XOR
1 1 268 269 INV
2 1 267 269 270 AND
1 1 270 271 INV
1 1 271 272 INV
2 1 265 272 273 AND
1 1 273 274 INV
1 1 274 275 INV
2 1 258 275 276 AND
1 1 276 277 INV
1 1 277 278 INV
2 1 241 278 279 AND
1 1 279 280 INV
1 1 280 281 INV
2 1 204 281 282 AND
1 1 282 283 INV
1 1 283 284 INV
2 1 31 95 285 XOR
1 1 285 286 INV
2 1 30 94 287 XOR
1 1 287 288 INV
2 1 286 288 289 AND
1 1 289 290 INV
1 1 290 291 INV
2 1 29 93 292 XOR
1 1 292 293 INV
2 1 28 92 294 XOR
1 1 294 295 INV
2 1 293 295 296 AND
1 1 296 297 INV
1 1 297 298 INV
2 1 291 298 299 AND
1 1 299 300 INV
1 1 300 301 INV
2 1 27 91 302 XOR
1 1 302 303 INV
2 1 26 90 304 XOR
1 1 304 305 INV
2 1 303 305 306 AND
1 1 306 307 INV
1 1 307 308 INV
2 1 25 89 309 XOR
1 1 309 310 INV
2 1 24 88 311 XOR
1 1 311 312 INV
2 1 310 312 313 AND
1 1 313 314 INV
1 1 314 315 INV
2 1 308 315 316 AND
1 1 316 317 INV
1 1 317 318 INV
2 1 301 318 319 AND
1 1 319 320 INV
1 1 320 321 INV
2 1 23 87 322 XOR
1 1 322 323 INV
2 1 22 86 324 XOR
1 1 324 325 INV
2 1 323 325 326 AND
1 1 326 327 INV
1 1 327 328 INV
2 1 21 85 329 XOR
1 1 329 330 INV
2 1 20 84 331 XOR
1 1 331 332 INV
2 1 330 332 333 AND
1 1 333 334 INV
1 1 334 335 INV
2 1 328 335 336 AND
1 1 336 337 INV
1 1 337 338 INV
2 1 19 83 339 XOR
1 1 339 340 INV
2 1 18 82 341 XOR
1 1 341 342 INV
2 1 340 342 343 AND
1 1 343 344 INV
1 1 344 345 INV
2 1 17 81 346 XOR
1 1 346 347 INV
2 1 16 80 348 XOR
1 1 348 349 INV
2 1 347 349 350 AND
1 1 350 351 INV
1 1 351 352 INV
2 1 345 352 353 AND
1 1 353 354 INV
1 1 354 355 INV
2 1 338 355 356 AND
1 1 356 357 INV
1 1 357 358 INV
2 1 321 358 359 AND
1 1 359 360 INV
1 1 360 361 INV
2 1 15 79 362 XOR
1 1 362 363 INV
2 1 14 78 364 XOR
1 1 364 365 INV
2 1 363 365 366 AND
1 1 366 367 INV
1 1 367 368 INV
2 1 13 77 369 XOR
1 1 369 370 INV
2 1 12 76 371 XOR
1 1 371 372 INV
2 1 370 372 373 AND
1 1 373 374 INV
1 1 374 375 INV
2 1 368 375 376 AND
1 1 376 377 INV
1 1 377 378 INV
2 1 11 75 379 XOR
1 1 379 380 INV
2 1 10 74 381 XOR
1 1 381 382 INV
2 1 380 382 383 AND
1 1 383 384 INV
1 1 384 385 INV
2 1 9 73 386 XOR
1 1 386 387 INV
2 1 8 72 388 XOR
1 1 388 389 INV
2 1 387 389 390 AND
1 1 390 391 INV
1 1 391 392 INV
2 1 385 392 393 AND
1 1 393 394 INV
1 1 394 395 INV
2 1 378 395 396 AND
1 1 396 397 INV
1 1 397 398 INV
2 1 7 71 399 XOR
1 1 399 400 INV
2 1 6 70 401 XOR
1 1 401 402 INV
2 1 400 402 403 AND
1 1 403 404 INV
1 1 404 405 INV
2 1 5 69 406 XOR
1 1 406 407 INV
2 1 4 68 408 XOR
1 1 408 409 INV
2 1 407 409 410 AND
1 1 410 411 INV
1 1 411 412 INV
2 1 405 412 413 AND
1 1 413 414 INV
1 1 414 415 INV
2 1 3 67 416 XOR
1 1 416 417 INV
2 1 2 66 418 XOR
1 1 418 419 INV
2 1 417 419 420 AND
1 1 420 421 INV
1 1 421 422 INV
2 1 1 65 423 XOR
1 1 423 424 INV
2 1 0 64 425 XOR
1 1 425 426 INV
2 1 424 426 427 AND
1 1 427 428 INV
1 1 428 429 INV
2 1 422 429 430 AND
1 1 430 431 INV
1 1 431 432 INV
2 1 415 432 433 AND
1 1 433 434 INV
1 1 434 435 INV
2 1 398 435 436 AND
1 1 436 437 INV
1 1 437 438 INV
2 1 361 438 439 AND
1 1 439 440 INV
1 1 440 441 INV
2 1 284 441 442 AND
1 1 442 443 INV
1 1 0 444 INV
2 1 444 64 445 AND
1 1 445 446 INV
2 1 446 1 447 XOR
2 1 445 65 448 XOR
2 1 447 448 449 AND
2 1 449 446 450 XOR
2 1 450 2 451 XOR
2 1 450 66 452 XOR
1 1 452 453 INV
2 1 451 453 454 AND
2 1 454 450 455 XOR
2 1 455 3 456 XOR
2 1 455 67 457 XOR
1 1 457 458 INV
2 1 456 458 459 AND
2 1 459 455 460 XOR
2 1 460 4 461 XOR
2 1 460 68 462 XOR
1 1 462 463 INV
2 1 461 463 464 AND
2 1 464 460 465 XOR
2 1 465 5 466 XOR
2 1 465 69 467 XOR
1 1 467 468 INV
2 1 466 468 469 AND
2 1 469 465 470 XOR
2 1 470 6 471 XOR
2 1 470 70 472 XOR
1 1 472 473 INV
2 1 471 473 474 AND
2 1 474 470 475 XOR
2 1 475 7 476 XOR
2 1 475 71 477 XOR
1 1 477 478 INV
2 1 476 478 479 AND
2 1 479 475 480 XOR
2 1 480 8 481 XOR
2 1 480 72 482 XOR
1 1 482 483 INV
2 1 481 483 484 AND
2 1 484 480 485 XOR
2 1 485 9 486 XOR
2 1 485 73 487 XOR
1 1 487 488 INV
2 1 486 488 489 AND
2 1 489 485 490 XOR
2 1 490 10 491 XOR
2 1 490 74 492 XOR
1 1 492 493 INV
2 1 491 493 494 AND
2 1 494 490 495 XOR
2 1 495 11 496 XOR
2 1 495 75 497 XOR
1 1 497 498 INV
2 1 496 498 499 AND
2 1 499 495 500 XOR
2 1 500 12 501 XOR
2 1 500 76 502 XOR
1 1 502 503 INV
2 1 501 503 504 AND
2 1 504 500 505 XOR
2 1 505 13 506 XOR
2 1 505 77 507 XOR
1 1 507 508 INV
2 1 506 508 509 AND
2 1 509 505 510 XOR
2 1 510 14 511 XOR
2 1 510 78 512 XOR
1 1 512 513 INV
2 1 511 513 514 AND
2 1 514 510 515 XOR
2 1 515 15 516 XOR
2 1 515 79 517 XOR
1 1 517 518 INV
2 1 516 518 519 AND
2 1 519 515 520 XOR
2 1 520 16 521 XOR
2 1 520 80 522 XOR
1 1 522 523 INV
2 1 521 523 524 AND
2 1 524 520 525 XOR
2 1 525 17 526 XOR
2 1 525 81 527 XOR
1 1 527 528 INV
2 1 526 528 529 AND
2 1 529 525 530 XOR
2 1 530 18 531 XOR
2 1 530 82 532 XOR
1 1 532 533 INV
2 1 531 533 534 AND
2 1 534 530 535 XOR
2 1 535 19 536 XOR
2 1 535 83 537 XOR
1 1 537 538 INV
2 1 536 538 539 AND
2 1 539 535 540 XOR
2 1 540 20 541 XOR
2 1 540 84 542 XOR
1 1 542 543 INV
2 1 541 543 544 AND
2 1 544 540 545 XOR
2 1 545 21 546 XOR
2 1 545 85 547 XOR
1 1 547 548 INV
2 1 546 548 549 AND
2 1 549 545 550 XOR
2 1 550 22 551 XOR
2 1 550 86 552 XOR
1 1 552 553 INV
2 1 551 553 554 AND
2 1 554 550 555 XOR
2 1 555 23 556 XOR
2 1 555 87 557 XOR
1 1 557 558 INV
2 1 556 558 559 AND
2 1 559 555 560 XOR
2 1 560 24 561 XOR
2 1 560 88 562 XOR
1 1 562 563 INV
2 1 561 563 564 AND
2 1 564 560 565 XOR
2 1 565 25 566 XOR
2 1 565 89 567 XOR
1 1 567 568 INV
2 1 566 568 569 AND
2 1 569 565 570 XOR
2 1 570 26 571 XOR
2 1 570 90 572 XOR
1 1 572 573 INV
2 1 571 573 574 AND
2 1 574 570 575 XOR
2 1 575 27 576 XOR
2 1 575 91 577 XOR
1 1 577 578 INV
2 1 576 578 579 AND
2 1 579 575 580 XOR
2 1 580 28 581 XOR
2 1 580 92 582 XOR
1 1 582 583 INV
2 1 581 583 584 AND
2 1 584 580 585 XOR
2 1 585 29 586 XOR
2 1 585 93 587 XOR
1 1 587 588 INV
2 1 586 588 589 AND
2 1 589 585 590 XOR
2 1 590 30 591 XOR
2 1 590 94 592 XOR
1 1 592 593 INV
2 1 591 593 594 AND
2 1 594 590 595 XOR
2 1 595 31 596 XOR
2 1 595 95 597 XOR
1 1 597 598 INV
2 1 596 598 599 AND
2 1 599 595 600 XOR
2 1 600 32 601 XOR
2 1 600 96 602 XOR
1 1 602 603 INV
2 1 601 603 604 AND
2 1 604 600 605 XOR
2 1 605 33 606 XOR
2 1 605 97 607 XOR
1 1 607 608 INV
2 1 606 608 609 AND
2 1 609 605 610 XOR
2 1 610 34 611 XOR
2 1 610 98 612 XOR
1 1 612 613 INV
2 1 611 613 614 AND
2 1 614 610 615 XOR
2 1 615 35 616 XOR
2 1 615 99 617 XOR
1 1 617 618 INV
2 1 616 618 619 AND
2 1 619 615 620 XOR
2 1 620 36 621 XOR
2 1 620 100 622 XOR
1 1 622 623 INV
2 1 621 623 624 AND
2 1 624 620 625 XOR
2 1 625 37 626 XOR
2 1 625 101 627 XOR
1 1 627 628 INV
2 1 626 628 629 AND
2 1 629 625 630 XOR
2 1 630 38 631 XOR
2 1 630 102 632 XOR
1 1 632 633 INV
2 1 631 633 634 AND
2 1 634 630 635 XOR
2 1 635 39 636 XOR
2 1 635 103 637 XOR
1 1 637 638 INV
2 1 636 638 639 AND
2 1 639 635 640 XOR
2 1 640 40 641 XOR
2 1 640 104 642 XOR
1 1 642 643 INV
2 1 641 643 644 AND
2 1 644 640 645 XOR
2 1 645 41 646 XOR
2 1 645 105 647 XOR
1 1 647 648 INV
2 1 646 648 649 AND
2 1 649 645 650 XOR
2 1 650 42 651 XOR
2 1 650 106 652 XOR
1 1 652 653 INV
2 1 651 653 654 AND
2 1 654 650 655 XOR
2 1 655 43 656 XOR
2 1 655 107 657 XOR
1 1 657 658 INV
2 1 656 658 659 AND
2 1 659 655 660 XOR
2 1 660 44 661 XOR
2 1 660 108 662 XOR
1 1 662 663 INV
2 1 661 663 664 AND
2 1 664 660 665 XOR
2 1 665 45 666 XOR
2 1 665 109 667 XOR
1 1 667 668 INV
2 1 666 668 669 AND
2 1 669 665 670 XOR
2 1 670 46 671 XOR
2 1 670 110 672 XOR
1 1 672 673 INV
2 1 671 673 674 AND
2 1 674 670 675 XOR
2 1 675 47 676 XOR
2 1 675 111 677 XOR
1 1 677 678 INV
2 1 676 678 679 AND
2 1 679 675 680 XOR
2 1 680 48 681 XOR
2 1 680 112 682 XOR
1 1 682 683 INV
2 1 681 683 684 AND
2 1 684 680 685 XOR
2 1 685 49 686 XOR
2 1 685 113 687 XOR
1 1 687 688 INV
2 1 686 688 689 AND
2 1 689 685 690 XOR
2 1 690 50 691 XOR
2 1 690 114 692 XOR
1 1 692 693 INV
2 1 691 693 694 AND
2 1 694 690 695 XOR
2 1 695 51 696 XOR
2 1 695 115 697 XOR
1 1 697 698 INV
2 1 696 698 699 AND
2 1 699 695 700 XOR
2 1 700 52 701 XOR
2 1 700 116 702 XOR
1 1 702 703 INV
2 1 701 703 704 AND
2 1 704 700 705 XOR
2 1 705 53 706 XOR
2 1 705 117 707 XOR
1 1 707 708 INV
2 1 706 708 709 AND
2 1 709 705 710 XOR
2 1 710 54 711 XOR
2 1 710 118 712 XOR
1 1 712 713 INV
2 1 711 713 714 AND
2 1 714 710 715 XOR
2 1 715 55 716 XOR
2 1 715 119 717 XOR
1 1 717 718 INV
2 1 716 718 719 AND
2 1 719 715 720 XOR
2 1 720 56 721 XOR
2 1 720 120 722 XOR
1 1 722 723 INV
2 1 721 723 724 AND
2 1 724 720 725 XOR
2 1 725 57 726 XOR
2 1 725 121 727 XOR
1 1 727 728 INV
2 1 726 728 729 AND
2 1 729 725 730 XOR
2 1 730 58 731 XOR
2 1 730 122 732 XOR
1 1 732 733 INV
2 1 731 733 734 AND
2 1 734 730 735 XOR
2 1 735 59 736 XOR
2 1 735 123 737 XOR
1 1 737 738 INV
2 1 736 738 739 AND
2 1 739 735 740 XOR
2 1 740 60 741 XOR
2 1 740 124 742 XOR
1 1 742 743 INV
2 1 741 743 744 AND
2 1 744 740 745 XOR
2 1 745 61 746 XOR
2 1 745 125 747 XOR
1 1 747 748 INV
2 1 746 748 749 AND
2 1 749 745 750 XOR
2 1 750 62 751 XOR
2 1 750 126 752 XOR
1 1 752 753 INV
2 1 751 753 754 AND
2 1 754 750 755 XOR
2 1 755 63 756 XOR
2 1 755 127 757 XOR
1 1 757 758 INV
2 1 756 758 759 AND
2 1 759 755 760 XOR
2 1 760 63 761 XOR
1 1 761 762 INV
2 1 443 762 763 AND
1 1 62 764 INV
1 1 126 765 INV
2 1 764 765 766 AND
1 1 766 767 INV
1 1 767 768 INV
1 1 61 769 INV
1 1 125 770 INV
2 1 769 770 771 AND
1 1 771 772 INV
1 1 772 773 INV
2 1 768 773 774 AND
1 1 774 775 INV
1 1 775 776 INV
1 1 60 777 INV
1 1 124 778 INV
2 1 777 778 779 AND
1 1 779 780 INV
1 1 780 781 INV
1 1 59 782 INV
1 1 123 783 INV
2 1 782 783 784 AND
1 1 784 785 INV
1 1 785 786 INV
2 1 781 786 787 AND
1 1 787 788 INV
1 1 788 789 INV
2 1 776 789 790 AND
1 1 790 791 INV
1 1 791 792 INV
1 1 58 793 INV
1 1 122 794 INV
2 1 793 794 795 AND
1 1 795 796 INV
1 1 796 797 INV
1 1 57 798 INV
1 1 121 799 INV
2 1 798 799 800 AND
1 1 800 801 INV
1 1 801 802 INV
2 1 797 802 803 AND
1 1 803 804 INV
1 1 804 805 INV
1 1 56 806 INV
1 1 120 807 INV
2 1 806 807 808 AND
1 1 808 809 INV
1 1 809 810 INV
1 1 55 811 INV
1 1 119 812 INV
2 1 811 812 813 AND
1 1 813 814 INV
1 1 814 815 INV
2 1 810 815 816 AND
1 1 816 817 INV
1 1 817 818 INV
2 1 805 818 819 AND
1 1 819 820 INV
1 1 820 821 INV
2 1 792 821 822 AND
1 1 822 823 INV
1 1 823 824 INV
1 1 54 825 INV
1 1 118 826 INV
2 1 825 826 827 AND
1 1 827 828 INV
1 1 828 829 INV
1 1 53 830 INV
1 1 117 831 INV
2 1 830 831 832 AND
1 1 832 833 INV
1 1 833 834 INV
2 1 829 834 835 AND
1 1 835 836 INV
1 1 836 837 INV
1 1 52 838 INV
1 1 116 839 INV
2 1 838 839 840 AND
1 1 840 841 INV
1 1 841 842 INV
1 1 51 843 INV
1 1 115 844 INV
2 1 843 844 845 AND
1 1 845 846 INV
1 1 846 847 INV
2 1 842 847 848 AND
1 1 848 849 INV
1 1 849 850 INV
2 1 837 850 851 AND
1 1 851 852 INV
1 1 852 853 INV
1 1 50 854 INV
1 1 114 855 INV
2 1 854 855 856 AND
1 1 856 857 INV
1 1 857 858 INV
1 1 49 859 INV
1 1 113 860 INV
2 1 859 860 861 AND
1 1 861 862 INV
1 1 862 863 INV
2 1 858 863 864 AND
1 1 864 865 INV
1 1 865 866 INV
1 1 48 867 INV
1 1 112 868 INV
2 1 867 868 869 AND
1 1 869 870 INV
1 1 870 871 INV
1 1 47 872 INV
1 1 111 873 INV
2 1 872 873 874 AND
1 1 874 875 INV
1 1 875 876 INV
2 1 871 876 877 AND
1 1 877 878 INV
1 1 878 879 INV
2 1 866 879 880 AND
1 1 880 881 INV
1 1 881 882 INV
2 1 853 882 883 AND
1 1 883 884 INV
1 1 884 885 INV
2 1 824 885 886 AND
1 1 886 887 INV
1 1 887 888 INV
1 1 46 889 INV
1 1 110 890 INV
2 1 889 890 891 AND
1 1 891 892 INV
1 1 892 893 INV
1 1 45 894 INV
1 1 109 895 INV
2 1 894 895 896 AND
1 1 896 897 INV
1 1 897 898 INV
2 1 893 898 899 AND
1 1 899 900 INV
1 1 900 901 INV
1 1 44 902 INV
1 1 108 903 INV
2 1 902 903 904 AND
1 1 904 905 INV
1 1 905 906 INV
1 1 43 907 INV
1 1 107 908 INV
2 1 907 908 909 AND
1 1 909 910 INV
1 1 910 911 INV
2 1 906 911 912 AND
1 1 912 913 INV
1 1 913 914 INV
2 1 901 914 915 AND
1 1 915 916 INV
1 1 916 917 INV
1 1 42 918 INV
1 1 106 919 INV
2 1 918 919 920 AND
1 1 920 921 INV
1 1 921 922 INV
1 1 41 923 INV
1 1 105 924 INV
2 1 923 924 925 AND
1 1 925 926 INV
1 1 926 927 INV
2 1 922 927 928 AND
1 1 928 929 INV
1 1 929 930 INV
1 1 40 931 INV
1 1 104 932 INV
2 1 931 932 933 AND
1 1 933 934 INV
1 1 934 935 INV
1 1 39 936 INV
1 1 103 937 INV
2 1 936 937 938 AND
1 1 938 939 INV
1 1 939 940 INV
2 1 935 940 941 AND
1 1 941 942 INV
1 1 942 943 INV
2 1 930 943 944 AND
1 1 944 945 INV
1 1 945 946 INV
2 1 917 946 947 AND
1 1 947 948 INV
1 1 948 949 INV
1 1 38 950 INV
1 1 102 951 INV
2 1 950 951 952 AND
1 1 952 953 INV
1 1 953 954 INV
1 1 37 955 INV
1 1 101 956 INV
2 1 955 956 957 AND
1 1 957 958 INV
1 1 958 959 INV
2 1 954 959 960 AND
1 1 960 961 INV
1 1 961 962 INV
1 1 36 963 INV
1 1 100 964 INV
2 1 963 964 965 AND
1 1 965 966 INV
1 1 966 967 INV
1 1 35 968 INV
1 1 99 969 INV
2 1 968 969 970 AND
1 1 970 971 INV
1 1 971 972 INV
2 1 967 972 973 AND
1 1 973 974 INV
1 1 974 975 INV
2 1 962 975 976 AND
1 1 976 977 INV
1 1 977 978 INV
1 1 34 979 INV
1 1 98 980 INV
2 1 979 980 981 AND
1 1 981 982 INV
1 1 982 983 INV
1 1 33 984 INV
1 1 97 985 INV
2 1 984 985 986 AND
1 1 986 987 INV
1 1 987 988 INV
2 1 983 988 989 AND
1 1 989 990 INV
1 1 990 991 INV
1 1 32 992 INV
1 1 96 993 INV
2 1 992 993 994 AND
1 1 994 995 INV
1 1 995 996 INV
1 1 31 997 INV
1 1 95 998 INV
2 1 997 998 999 AND
1 1 999 1000 INV
1 1 1000 1001 INV
2 1 996 1001 1002 AND
1 1 1002 1003 INV
1 1 1003 1004 INV
2 1 991 1004 1005 AND
1 1 1005 1006 INV
1 1 1006 1007 INV
2 1 978 1007 1008 AND
1 1 1008 1009 INV
1 1 1009 1010 INV
2 1 949 1010 1011 AND
1 1 1011 1012 INV
1 1 1012 1013 INV
2 1 888 1013 1014 AND
1 1 1014 1015 INV
1 1 1015 1016 INV
1 1 30 1017 INV
1 1 94 1018 INV
2 1 1017 1018 1019 AND
1 1 1019 1020 INV
1 1 1020 1021 INV
1 1 29 1022 INV
1 1 93 1023 INV
2 1 1022 1023 1024 AND
1 1 1024 1025 INV
1 1 1025 1026 INV
2 1 1021 1026 1027 AND
1 1 1027 1028 INV
1 1 1028 1029 INV
1 1 28 1030 INV
1 1 92 1031 INV
2 1 1030 1031 1032 AND
1 1 1032 1033 INV
1 1 1033 1034 INV
1 1 27 1035 INV
1 1 91 1036 INV
2 1 1035 1036 1037 AND
1 1 1037 1038 INV
1 1 1038 1039 INV
2 1 1034 1039 1040 AND
1 1 1040 1041 INV
1 1 1041 1042 INV
2 1 1029 1042 1043 AND
1 1 1043 1044 INV
1 1 1044 1045 INV
1 1 26 1046 INV
1 1 90 1047 INV
2 1 1046 1047 1048 AND
1 1 1048 1049 INV
1 1 1049 1050 INV
1 1 25 1051 INV
1 1 89 1052 INV
2 1 1051 1052 1053 AND
1 1 1053 1054 INV
1 1 1054 1055 INV
2 1 1050 1055 1056 AND
1 1 1056 1057 INV
1 1 1057 1058 INV
1 1 24 1059 INV
1 1 88 1060 INV
2 1 1059 1060 1061 AND
1 1 1061 1062 INV
1 1 1062 1063 INV
1 1 23 1064 INV
1 1 87 1065 INV
2 1 1064 1065 1066 AND
1 1 1066 1067 INV
1 1 1067 1068 INV
2 1 1063 1068 1069 AND
1 1 1069 1070 INV
1 1 1070 1071 INV
2 1 1058 1071 1072 AND
1 1 1072 1073 INV
1 1 1073 1074 INV
2 1 1045 1074 1075 AND
1 1 1075 1076 INV
1 1 1076 1077 INV
1 1 22 1078 INV
1 1 86 1079 INV
2 1 1078 1079 1080 AND
1 1 1080 1081 INV
1 1 1081 1082 INV
1 1 21 1083 INV
1 1 85 1084 INV
2 1 1083 1084 1085 AND
1 1 1085 1086 INV
1 1 1086 1087 INV
2 1 1082 1087 1088 AND
1 1 1088 1089 INV
1 1 1089 1090 INV
1 1 20 1091 INV
1 1 84 1092 INV
2 1 1091 1092 1093 AND
1 1 1093 1094 INV
1 1 1094 1095 INV
1 1 19 1096 INV
1 1 83 1097 INV
2 1 1096 1097 1098 AND
1 1 1098 1099 INV
1 1 1099 1100 INV
2 1 1095 1100 1101 AND
1 1 1101 1102 INV
1 1 1102 1103 INV
2 1 1090 1103 1104 AND
1 1 1104 1105 INV
1 1 1105 1106 INV
1 1 18 1107 INV
1 1 82 1108 INV
2 1 1107 1108 1109 AND
1 1 1109 1110 INV
1 1 1110 1111 INV
1 1 17 1112 INV
1 1 81 1113 INV
2 1 1112 1113 1114 AND
1 1 1114 1115 INV
1 1 1115 1116 INV
2 1 1111 1116 1117 AND
1 1 1117 1118 INV
1 1 1118 1119 INV
1 1 16 1120 INV
1 1 80 1121 INV
2 1 1120 1121 1122 AND
1 1 1122 1123 INV
1 1 1123 1124 INV
1 1 15 1125 INV
1 1 79 1126 INV
2 1 1125 1126 1127 AND
1 1 1127 1128 INV
1 1 1128 1129 INV
2 1 1124 1129 1130 AND
1 1 1130 1131 INV
1 1 1131 1132 INV
2 1 1119 1132 1133 AND
1 1 1133 1134 INV
1 1 1134 1135 INV
2 1 1106 1135 1136 AND
1 1 1136 1137 INV
1 1 1137 1138 INV
2 1 1077 1138 1139 AND
1 1 1139 1140 INV
1 1 1140 1141 INV
1 1 14 1142 INV
1 1 78 1143 INV
2 1 1142 1143 1144 AND
1 1 1144 1145 INV
1 1 1145 1146 INV
1 1 13 1147 INV
1 1 77 1148 INV
2 1 1147 1148 1149 AND
1 1 1149 1150 INV
1 1 1150 1151 INV
2 1 1146 1151 1152 AND
1 1 1152 1153 INV
1 1 1153 1154 INV
1 1 12 1155 INV
1 1 76 1156 INV
2 1 1155 1156 1157 AND
1 1 1157 1158 INV
1 1 1158 1159 INV
1 1 11 1160 INV
1 1 75 1161 INV
2 1 1160 1161 1162 AND
1 1 1162 1163 INV
1 1 1163 1164 INV
2 1 1159 1164 1165 AND
1 1 1165 1166 INV
1 1 1166 1167 INV
2 1 1154 1167 1168 AND
1 1 1168 1169 INV
1 1 1169 1170 INV
1 1 10 1171 INV
1 1 74 1172 INV
2 1 1171 1172 1173 AND
1 1 1173 1174 INV
1 1 1174 1175 INV
1 1 9 1176 INV
1 1 73 1177 INV
2 1 1176 1177 1178 AND
1 1 1178 1179 INV
1 1 1179 1180 INV
2 1 1175 1180 1181 AND
1 1 1181 1182 INV
1 1 1182 1183 INV
1 1 8 1184 INV
1 1 72 1185 INV
2 1 1184 1185 1186 AND
1 1 1186 1187 INV
1 1 1187 1188 INV
1 1 7 1189 INV
1 1 71 1190 INV
2 1 1189 1190 1191 AND
1 1 1191 1192 INV
1 1 1192 1193 INV
2 1 1188 1193 1194 AND
1 1 1194 1195 INV
1 1 1195 1196 INV
2 1 1183 1196 1197 AND
1 1 1197 1198 INV
1 1 1198 1199 INV
2 1 1170 1199 1200 AND
1 1 1200 1201 INV
1 1 1201 1202 INV
1 1 6 1203 INV
1 1 70 1204 INV
2 1 1203 1204 1205 AND
1 1 1205 1206 INV
1 1 1206 1207 INV
1 1 5 1208 INV
1 1 69 1209 INV
2 1 1208 1209 1210 AND
1 1 1210 1211 INV
1 1 1211 1212 INV
2 1 1207 1212 1213 AND
1 1 1213 1214 INV
1 1 1214 1215 INV
1 1 4 1216 INV
1 1 68 1217 INV
2 1 1216 1217 1218 AND
1 1 1218 1219 INV
1 1 1219 1220 INV
1 1 3 1221 INV
1 1 67 1222 INV
2 1 1221 1222 1223 AND
1 1 1223 1224 INV
1 1 1224 1225 INV
2 1 1220 1225 1226 AND
1 1 1226 1227 INV
1 1 1227 1228 INV
2 1 1215 1228 1229 AND
1 1 1229 1230 INV
1 1 1230 1231 INV
1 1 2 1232 INV
1 1 66 1233 INV
2 1 1232 1233 1234 AND
1 1 1234 1235 INV
1 1 1235 1236 INV
1 1 1 1237 INV
1 1 65 1238 INV
2 1 1237 1238 1239 AND
1 1 1239 1240 INV
1 1 1240 1241 INV
2 1 1236 1241 1242 AND
1 1 1242 1243 INV
1 1 1243 1244 INV
1 1 0 1245 INV
1 1 64 1246 INV
2 1 1245 1246 1247 AND
1 1 1247 1248 INV
1 1 1248 1249 INV
2 1 1244 1249 1250 AND
1 1 1250 1251 INV
1 1 1251 1252 INV
2 1 1231 1252 1253 AND
1 1 1253 1254 INV
1 1 1254 1255 INV
2 1 1202 1255 1256 AND
1 1 1256 1257 INV
1 1 1257 1258 INV
2 1 1141 1258 1259 AND
1 1 1259 1260 INV
1 1 1260 1261 INV
2 1 1016 1261 1262 AND
1 1 1262 1263 INV
2 1 1263 63 1264 AND
2 1 763 1264 1265 XOR
2 1 130 1265 1266 AND
2 1 763 1266 1267 XOR
1 1 50 1268 INV
1 1 51 1269 INV
2 1 1268 1269 1270 AND
1 1 1270 1271 INV
1 1 1271 1272 INV
1 1 48 1273 INV
1 1 49 1274 INV
2 1 1273 1274 1275 AND
1 1 1275 1276 INV
1 1 1276 1277 INV
2 1 1272 1277 1278 AND
1 1 1278 1279 INV
1 1 1279 1280 INV
1 1 46 1281 INV
1 1 47 1282 INV
2 1 1281 1282 1283 AND
1 1 1283 1284 INV
1 1 1284 1285 INV
1 1 44 1286 INV
1 1 45 1287 INV
2 1 1286 1287 1288 AND
1 1 1288 1289 INV
1 1 1289 1290 INV
2 1 1285 1290 1291 AND
1 1 1291 1292 INV
1 1 1292 1293 INV
1 1 42 1294 INV
1 1 43 1295 INV
2 1 1294 1295 1296 AND
1 1 1296 1297 INV
1 1 1297 1298 INV
1 1 40 1299 INV
1 1 41 1300 INV
2 1 1299 1300 1301 AND
1 1 1301 1302 INV
1 1 1302 1303 INV
2 1 1298 1303 1304 AND
1 1 1304 1305 INV
1 1 1305 1306 INV
2 1 1293 1306 1307 AND
1 1 1307 1308 INV
1 1 1308 1309 INV
1 1 38 1310 INV
1 1 39 1311 INV
2 1 1310 1311 1312 AND
1 1 1312 1313 INV
1 1 1313 1314 INV
1 1 36 1315 INV
1 1 37 1316 INV
2 1 1315 1316 1317 AND
1 1 1317 1318 INV
1 1 1318 1319 INV
2 1 1314 1319 1320 AND
1 1 1320 1321 INV
1 1 1321 1322 INV
1 1 34 1323 INV
1 1 35 1324 INV
2 1 1323 1324 1325 AND
1 1 1325 1326 INV
1 1 1326 1327 INV
1 1 32 1328 INV
1 1 33 1329 INV
2 1 1328 1329 1330 AND
1 1 1330 1331 INV
1 1 1331 1332 INV
2 1 1327 1332 1333 AND
1 1 1333 1334 INV
1 1 1334 1335 INV
2 1 1322 1335 1336 AND
1 1 1336 1337 INV
1 1 1337 1338 INV
2 1 1309 1338 1339 AND
1 1 1339 1340 INV
1 1 1340 1341 INV
2 1 1280 1341 1342 AND
1 1 1342 1343 INV
1 1 1343 1344 INV
1 1 30 1345 INV
1 1 31 1346 INV
2 1 1345 1346 1347 AND
1 1 1347 1348 INV
1 1 1348 1349 INV
1 1 28 1350 INV
1 1 29 1351 INV
2 1 1350 1351 1352 AND
1 1 1352 1353 INV
1 1 1353 1354 INV
2 1 1349 1354 1355 AND
1 1 1355 1356 INV
1 1 1356 1357 INV
1 1 26 1358 INV
1 1 27 1359 INV
2 1 1358 1359 1360 AND
1 1 1360 1361 INV
1 1 1361 1362 INV
1 1 24 1363 INV
1 1 25 1364 INV
2 1 1363 1364 1365 AND
1 1 1365 1366 INV
1 1 1366 1367 INV
2 1 1362 1367 1368 AND
1 1 1368 1369 INV
1 1 1369 1370 INV
2 1 1357 1370 1371 AND
1 1 1371 1372 INV
1 1 1372 1373 INV
1 1 22 1374 INV
1 1 23 1375 INV
2 1 1374 1375 1376 AND
1 1 1376 1377 INV
1 1 1377 1378 INV
1 1 20 1379 INV
1 1 21 1380 INV
2 1 1379 1380 1381 AND
1 1 1381 1382 INV
1 1 1382 1383 INV
2 1 1378 1383 1384 AND
1 1 1384 1385 INV
1 1 1385 1386 INV
1 1 18 1387 INV
1 1 19 1388 INV
2 1 1387 1388 1389 AND
1 1 1389 1390 INV
1 1 1390 1391 INV
1 1 16 1392 INV
1 1 17 1393 INV
2 1 1392 1393 1394 AND
1 1 1394 1395 INV
1 1 1395 1396 INV
2 1 1391 1396 1397 AND
1 1 1397 1398 INV
1 1 1398 1399 INV
2 1 1386 1399 1400 AND
1 1 1400 1401 INV
1 1 1401 1402 INV
2 1 1373 1402 1403 AND
1 1 1403 1404 INV
1 1 1404 1405 INV
1 1 14 1406 INV
1 1 15 1407 INV
2 1 1406 1407 1408 AND
1 1 1408 1409 INV
1 1 1409 1410 INV
1 1 12 1411 INV
1 1 13 1412 INV
2 1 1411 1412 1413 AND
1 1 1413 1414 INV
1 1 1414 1415 INV
2 1 1410 1415 1416 AND
1 1 1416 1417 INV
1 1 1417 1418 INV
1 1 10 1419 INV
1 1 11 1420 INV
2 1 1419 1420 1421 AND
1 1 1421 1422 INV
1 1 1422 1423 INV
1 1 8 1424 INV
1 1 9 1425 INV
2 1 1424 1425 1426 AND
1 1 1426 1427 INV
1 1 1427 1428 INV
2 1 1423 1428 1429 AND
1 1 1429 1430 INV
1 1 1430 1431 INV
2 1 1418 1431 1432 AND
1 1 1432 1433 INV
1 1 1433 1434 INV
1 1 6 1435 INV
1 1 7 1436 INV
2 1 1435 1436 1437 AND
1 1 1437 1438 INV
1 1 1438 1439 INV
1 1 4 1440 INV
1 1 5 1441 INV
2 1 1440 1441 1442 AND
1 1 1442 1443 INV
1 1 1443 1444 INV
2 1 1439 1444 1445 AND
1 1 1445 1446 INV
1 1 1446 1447 INV
1 1 2 1448 INV
1 1 3 1449 INV
2 1 1448 1449 1450 AND
1 1 1450 1451 INV
1 1 1451 1452 INV
1 1 0 1453 INV
1 1 1 1454 INV
2 1 1453 1454 1455 AND
1 1 1455 1456 INV
1 1 1456 1457 INV
2 1 1452 1457 1458 AND
1 1 1458 1459 INV
1 1 1459 1460 INV
2 1 1447 1460 1461 AND
1 1 1461 1462 INV
1 1 1462 1463 INV
2 1 1434 1463 1464 AND
1 1 1464 1465 INV
1 1 1465 1466 INV
2 1 1405 1466 1467 AND
1 1 1467 1468 INV
1 1 1468 1469 INV
2 1 1344 1469 1470 AND
1 1 1470 1471 INV
2 1 60 61 1472 AND
2 1 1472 62 1473 AND
2 1 58 59 1474 AND
2 1 56 57 1475 AND
2 1 1474 1475 1476 AND
2 1 52 53 1477 AND
2 1 54 55 1478 AND
2 1 1477 1478 1479 AND
2 1 1476 1479 1480 AND
2 1 1473 1480 1481 AND
2 1 1471 1481 1482 AND
1 1 1482 1483 INV
1 1 114 1484 INV
1 1 115 1485 INV
2 1 1484 1485 1486 AND
1 1 1486 1487 INV
1 1 1487 1488 INV
1 1 112 1489 INV
1 1 113 1490 INV
2 1 1489 1490 1491 AND
1 1 1491 1492 INV
1 1 1492 1493 INV
2 1 1488 1493 1494 AND
1 1 1494 1495 INV
1 1 1495 1496 INV
1 1 110 1497 INV
1 1 111 1498 INV
2 1 1497 1498 1499 AND
1 1 1499 1500 INV
1 1 1500 1501 INV
1 1 108 1502 INV
1 1 109 1503 INV
2 1 1502 1503 1504 AND
1 1 1504 1505 INV
1 1 1505 1506 INV
2 1 1501 1506 1507 AND
1 1 1507 1508 INV
1 1 1508 1509 INV
1 1 106 1510 INV
1 1 107 1511 INV
2 1 1510 1511 1512 AND
1 1 1512 1513 INV
1 1 1513 1514 INV
1 1 104 1515 INV
1 1 105 1516 INV
2 1 1515 1516 1517 AND
1 1 1517 1518 INV
1 1 1518 1519 INV
2 1 1514 1519 1520 AND
1 1 1520 1521 INV
1 1 1521 1522 INV
2 1 1509 1522 1523 AND
1 1 1523 1524 INV
1 1 1524 1525 INV
1 1 102 1526 INV
1 1 103 1527 INV
2 1 1526 1527 1528 AND
1 1 1528 1529 INV
1 1 1529 1530 INV
1 1 100 1531 INV
1 1 101 1532 INV
2 1 1531 1532 1533 AND
1 1 1533 1534 INV
1 1 1534 1535 INV
2 1 1530 1535 1536 AND
1 1 1536 1537 INV
1 1 1537 1538 INV
1 1 98 1539 INV
1 1 99 1540 INV
2 1 1539 1540 1541 AND
1 1 1541 1542 INV
1 1 1542 1543 INV
1 1 96 1544 INV
1 1 97 1545 INV
2 1 1544 1545 1546 AND
1 1 1546 1547 INV
1 1 1547 1548 INV
2 1 1543 1548 1549 AND
1 1 1549 1550 INV
1 1 1550 1551 INV
2 1 1538 1551 1552 AND
1 1 1552 1553 INV
1 1 1553 1554 INV
2 1 1525 1554 1555 AND
1 1 1555 1556 INV
1 1 1556 1557 INV
2 1 1496 1557 1558 AND
1 1 1558 1559 INV
1 1 1559 1560 INV
1 1 94 1561 INV
1 1 95 1562 INV
2 1 1561 1562 1563 AND
1 1 1563 1564 INV
1 1 1564 1565 INV
1 1 92 1566 INV
1 1 93 1567 INV
2 1 1566 1567 1568 AND
1 1 1568 1569 INV
1 1 1569 1570 INV
2 1 1565 1570 1571 AND
1 1 1571 1572 INV
1 1 1572 1573 INV
1 1 90 1574 INV
1 1 91 1575 INV
2 1 1574 1575 1576 AND
1 1 1576 1577 INV
1 1 1577 1578 INV
1 1 88 1579 INV
1 1 89 1580 INV
2 1 1579 1580 1581 AND
1 1 1581 1582 INV
1 1 1582 1583 INV
2 1 1578 1583 1584 AND
1 1 1584 1585 INV
1 1 1585 1586 INV
2 1 1573 1586 1587 AND
1 1 1587 1588 INV
1 1 1588 1589 INV
1 1 86 1590 INV
1 1 87 1591 INV
2 1 1590 1591 1592 AND
1 1 1592 1593 INV
1 1 1593 1594 INV
1 1 84 1595 INV
1 1 85 1596 INV
2 1 1595 1596 1597 AND
1 1 1597 1598 INV
1 1 1598 1599 INV
2 1 1594 1599 1600 AND
1 1 1600 1601 INV
1 1 1601 1602 INV
1 1 82 1603 INV
1 1 83 1604 INV
2 1 1603 1604 1605 AND
1 1 1605 1606 INV
1 1 1606 1607 INV
1 1 80 1608 INV
1 1 81 1609 INV
2 1 1608 1609 1610 AND
1 1 1610 1611 INV
1 1 1611 1612 INV
2 1 1607 1612 1613 AND
1 1 1613 1614 INV
1 1 1614 1615 INV
2 1 1602 1615 1616 AND
1 1 1616 1617 INV
1 1 1617 1618 INV
2 1 1589 1618 1619 AND
1 1 1619 1620 INV
1 1 1620 1621 INV
1 1 78 1622 INV
1 1 79 1623 INV
2 1 1622 1623 1624 AND
1 1 1624 1625 INV
1 1 1625 1626 INV
1 1 76 1627 INV
1 1 77 1628 INV
2 1 1627 1628 1629 AND
1 1 1629 1630 INV
1 1 1630 1631 INV
2 1 1626 1631 1632 AND
1 1 1632 1633 INV
1 1 1633 1634 INV
1 1 74 1635 INV
1 1 75 1636 INV
2 1 1635 1636 1637 AND
1 1 1637 1638 INV
1 1 1638 1639 INV
1 1 72 1640 INV
1 1 73 1641 INV
2 1 1640 1641 1642 AND
1 1 1642 1643 INV
1 1 1643 1644 INV
2 1 1639 1644 1645 AND
1 1 1645 1646 INV
1 1 1646 1647 INV
2 1 1634 1647 1648 AND
1 1 1648 1649 INV
1 1 1649 1650 INV
1 1 70 1651 INV
1 1 71 1652 INV
2 1 1651 1652 1653 AND
1 1 1653 1654 INV
1 1 1654 1655 INV
1 1 68 1656 INV
1 1 69 1657 INV
2 1 1656 1657 1658 AND
1 1 1658 1659 INV
1 1 1659 1660 INV
2 1 1655 1660 1661 AND
1 1 1661 1662 INV
1 1 1662 1663 INV
1 1 66 1664 INV
1 1 67 1665 INV
2 1 1664 1665 1666 AND
1 1 1666 1667 INV
1 1 1667 1668 INV
1 1 64 1669 INV
1 1 65 1670 INV
2 1 1669 1670 1671 AND
1 1 1671 1672 INV
1 1 1672 1673 INV
2 1 1668 1673 1674 AND
1 1 1674 1675 INV
1 1 1675 1676 INV
2 1 1663 1676 1677 AND
1 1 1677 1678 INV
1 1 1678 1679 INV
2 1 1650 1679 1680 AND
1 1 1680 1681 INV
1 1 1681 1682 INV
2 1 1621 1682 1683 AND
1 1 1683 1684 INV
1 1 1684 1685 INV
2 1 1560 1685 1686 AND
1 1 1686 1687 INV
2 1 124 125 1688 AND
2 1 1688 126 1689 AND
2 1 122 123 1690 AND
2 1 120 121 1691 AND
2 1 1690 1691 1692 AND
2 1 118 119 1693 AND
2 1 116 117 1694 AND
2 1 1693 1694 1695 AND
2 1 1692 1695 1696 AND
2 1 1689 1696 1697 AND
2 1 1687 1697 1698 AND
1 1 1698 1699 INV
2 1 1483 1699 1700 AND
1 1 1700 1701 INV
1 1 1701 1702 INV
2 1 1267 1702 1705 AND
2 1 0 0 1704 XOR
1 1 1704 1703 INV
1 1 1703 1706 INV
1 1 1703 1707 INV
1 1 1703 1708 INV
1 1 1703 1709 INV
1 1 1703 1710 INV
1 1 1703 1711 INV
1 1 1703 1712 INV
1 1 1703 1713 INV
1 1 1703 1714 INV
1 1 1703 1715 INV
1 1 1703 1716 INV
1 1 1703 1717 INV
1 1 1703 1718 INV
1 1 1703 1719 INV
1 1 1703 1720 INV
1 1 1703 1721 INV
1 1 1703 1722 INV
1 1 1703 1723 INV
1 1 1703 1724 INV
1 1 1703 1725 INV
1 1 1703 1726 INV
1 1 1703 1727 INV
1 1 1703 1728 INV
1 1 1703 1729 INV
1 1 1703 1730 INV
1 1 1703 1731 INV
1 1 1703 1732 INV
1 1 1703 1733 INV
1 1 1703 1734 INV
1 1 1703 1735 INV
1 1 1703 1736 INV
1 1 1703 1737 INV
1 1 1703 1738 INV
1 1 1703 1739 INV
1 1 1703 1740 INV
1 1 1703 1741 INV
1 1 1703 1742 INV
1 1 1703 1743 INV
1 1 1703 1744 INV
1 1 1703 1745 INV
1 1 1703 1746 INV
1 1 1703 1747 INV
1 1 1703 1748 INV
1 1 1703 1749 INV
1 1 1703 1750 INV
1 1 1703 1751 INV
1 1 1703 1752 INV
1 1 1703 1753 INV
1 1 1703 1754 INV
1 1 1703 1755 INV
1 1 1703 1756 INV
1 1 1703 1757 INV
1 1 1703 1758 INV
1 1 1703 1759 INV
1 1 1703 1760 INV
1 1 1703 1761 INV
1 1 1703 1762 INV
1 1 1703 1763 INV
1 1 1703 1764 INV
1 1 1703 1765 INV
1 1 1703 1766 INV
1 1 1703 1767 INV
1 1 1703 1768 INV
